2
3
3pil
9
15
19
20
25
29
31
35
44
51
56
64
65
69
83
107
108
113
119
121
123
128
138
141
143
151
153
156
173
175
176
182
185
186
197
198
202
216
219
221
227
230
231
235
256
263
266
277
313
314
327
331
333
344
348
355
356
364
371
390
396
409
416
417
423
427
431
452
456
458
469
484
485
491
500
517
535
536
542
547
548
552
559
566
579
580
595
599
600
602
610
625
630
631
645
670
675
686
689
696
712
730
734
754
761
789
790
804
806
821
829
841
848
878
884
894
898
912
928
934
935
939
940
942
954
964
984
992
1021
1039
1077
1212
1221
1253
1265
1333
1340
