2
3
3pil
9
15
19
20
25
29
31
35
44
51
54
56
64
65
69
71
72
83
95
107
108
113
119
121
123
124
125
128
129
138
141
143
144
145
151
153
154
156
157
165
173
175
176
177
182
185
186
195
197
198
201
202
205
216
219
221
225
227
230
231
232
235
237
253
256
263
266
277
292
293
300
301
307
310
313
314
319
320
322
327
331
332
333
344
346
348
353
355
356
357
358
364
369
371
374
381
390
396
399
409
413
416
417
423
427
429
431
432
440
452
456
458
464
469
472
478
480
483
484
485
491
499
500
504
517
535
536
537
542
544
545
547
548
549
552
559
566
576
579
580
592
593
595
599
600
602
610
611
616
619
623
625
630
631
645
662
665
670
675
684
686
689
696
712
715
730
734
754
761
765
769
783
784
786
789
790
791
804
806
815
818
821
829
840
841
848
850
861
863
868
869
874
876
877
878
879
884
891
892
893
894
898
905
906
912
918
928
934
935
939
940
942
953
954
964
965
966
971
982
984
992
994
1005
1006
1021
1026
1039
1049
1077
1212
1221
1232
1242
1253
1260
1265
1320
1326
1333
1338
1340
1357
