1005
1006
1021
1026
1039
1049
107
1077
108
113
119
121
1212
1221
123
1232
124
1242
125
1253
1260
1265
128
129
1320
1326
1333
1338
1340
1357
138
141
143
144
145
15
151
153
154
156
157
165
173
175
176
177
182
185
186
19
195
197
198
20
201
202
205
216
219
221
225
227
230
231
232
235
237
25
253
256
259
263
264
266
277
29
292
293
300
301
307
31
310
312
313
314
319
320
322
327
331
332
333
344
346
348
35
353
355
356
357
358
364
369
371
374
381
390
390
396
399
3pil
409
413
416
417
423
426
427
429
431
432
44
440
447
452
456
458
464
469
472
478
480
483
484
485
491
499
500
504
51
517
526
532
535
536
537
539
54
542
544
545
547
548
549
552
559
56
566
576
579
580
592
593
595
599
600
602
610
611
616
619
623
625
630
631
64
645
65
651
662
665
670
675
684
686
689
69
696
71
712
715
72
73
730
734
754
761
765
769
783
784
786
789
790
791
804
806
815
818
821
829
83
840
841
848
850
861
863
868
869
874
876
877
878
879
884
891
892
893
894
898
9
905
906
912
918
928
934
935
939
940
942
95
953
954
964
965
966
971
982
984
992
994
