1005
1021
1026
1039
1049
107
1077
108
113
119
121
1221
123
1232
124
125
1265
128
129
138
141
143
144
145
15
151
153
154
156
157
165
173
175
176
177
182
185
186
19
195
198
2
20
201
202
205
20pil
216
219
221
225
227
230
231
232
235
237
25
253
256
263
266
277
292
293
2pil
3
300
301
307
31
310
312
314
320
322
327
331
332
333
344
346
348
35
353
355
357
358
364
369
371
374
381
390
396
399
3pil
409
413
416
417
423
426
427
429
44
440
452
456
458
464
469
472
478
480
483
485
491
499
500
504
51
517
526
532
535
536
537
54
542
544
545
547
548
549
552
559
56
566
576
579
580
592
593
595
599
600
602
610
611
616
619
623
625
630
631
64
645
65
651
662
665
670
675
677
684
686
69
696
71
712
72
730
734
754
761
765
769
783
784
786
789
790
791
815
829
83
840
848
850
861
863
868
869
874
877
878
879
891
892
893
898
9
905
928
934
935
939
940
942
95
953
954
964
966
971
982
984
992
994
