53
73
93
134
210
261
304
369
426
526
532
650
651
691
765
795
874
1021
1224
1234
1271
1278
1283
1291
1304
1318
1322
1336
134
149
172
208
210
212
259
261
264
288
301
312
424
426
526
532
568
577
615
651
691
748
752
795
996
1021
1063
1076
1218
1224
1234
1237
1239
1244
1247
1249
1251
1262
1269
1271
1278
1283
1291
1304
1318
1322
1326
73
134
261
304
369
426
526
532
650
651
678
691
765
795
874
1021
1224
1247
1251
1267
1269
1271
1278
1283
1291
1304
1318
1322
1336
172
212
259
261
264
312
374
402
424
426
496
526
532
568
577
615
651
691
748
752
795
996
1063
1076
1224
1234
1244
1249
1251
1262
1267
1271
1278
1283
1291
1304
1318
1322
1336
