1005
1021
1026
1039
1049
1063
107
1076
1077
108
113
119
121
1213
1218
1221
1224
1227
123
1232
1234
1237
1239
124
1244
1247
125
1251
1265
1268
1269
1271
1278
128
129
1291
1304
1318
1322
1336
1337
134
138
141
143
144
145
149
15
151
153
154
156
157
161
1627
165
171
173
175
176
177
182
185
186
19
195
198
2
20
201
202
205
208
20pil
210
212
216
219
221
225
227
230
231
232
235
237
25
253
256
261
263
266
277
288
292
293
2pil
3
300
301
304
307
31
310
312
314
320
322
327
331
332
333
344
346
348
35
353
355
357
358
364
369
371
402
424
496
53
568
615
650
678
691
694
739
75
752
795
8
90
913
914
93
