1005
1021
1039
1049
107
1077
108
119
1190
121
123
124
125
128
129
138
141
143
144
145
15
151
153
156
157
165
173
175
176
177
182
185
186
19
195
198
2
20
201
202
205
216
219
221
225
227
230
231
232
235
237
256
259
263
292
293
300
307
31
310
320
322
327
331
332
333
344
346
348
35
355
356
357
358
364
369
371
381
390
399
3pil
409
413
416
417
423
426
427
429
44
440
447
452
456
458
464
469
472
478
480
483
485
491
499
500
504
51
517
526
535
539
542
544
545
547
548
549
559
56
566
576
579
592
593
595
600
610
611
616
619
623
625
630
631
64
645
65
651
665
675
684
686
69
696
712
72
73
730
734
754
761
765
769
783
784
786
791
815
829
83
848
850
863
868
869
874
878
879
891
892
893
898
928
935
939
942
95
953
954
964
971
984
992
994
copyTractographies.sh
