subject;Left-Lateral-Ventricle;Left-Inf-Lat-Vent;Left-Cerebellum-White-Matter;Left-Cerebellum-Cortex;Left-Thalamus-Proper;Left-Caudate;Left-Putamen;Left-Pallidum;3rd-Ventricle;4th-Ventricle;Brain-Stem;Left-Hippocampus;Left-Amygdala;CSF;Left-Accumbens-area;Left-VentralDC;Left-vessel;Left-choroid-plexus;Right-Lateral-Ventricle;Right-Inf-Lat-Vent;Right-Cerebellum-White-Matter;Right-Cerebellum-Cortex;Right-Thalamus-Proper;Right-Caudate;Right-Putamen;Right-Pallidum;Right-Hippocampus;Right-Amygdala;Right-Accumbens-area;Right-VentralDC;Right-vessel;Right-choroid-plexus;5th-Ventricle;WM-hypointensities;Left-WM-hypointensities;Right-WM-hypointensities;non-WM-hypointensities;Left-non-WM-hypointensities;Right-non-WM-hypointensities;Optic-Chiasm;CC_Posterior;CC_Mid_Posterior;CC_Central;CC_Mid_Anterior;CC_Anterior;
8;15208.5;1034.0;14553.4;48163.9;7198.1;4046.9;7143.0;1837.3;1213.8;2682.7;20169.2;3533.3;1667.1;910.1;778.2;3785.8;221.7;1621.3;13832.4;725.7;14997.3;50682.4;7651.0;4422.3;7092.9;1953.3;3573.2;1448.8;807.3;4285.9;199.7;2222.2;0.0;2769.5;0.0;0.0;82.7;0.0;0.0;221.5;947.3;327.2;359.3;418.9;914.0;
9;13448.8;799.1;13988.5;44630.0;7545.7;4159.3;6776.4;1905.3;942.5;2369.5;20702.5;3762.3;1833.0;819.7;748.5;4139.5;153.1;988.1;5873.8;415.4;14846.7;46876.4;8048.9;4365.9;6941.8;1840.0;4024.2;1839.0;808.3;4481.5;203.2;1399.9;0.0;1938.7;0.0;0.0;293.9;0.0;0.0;311.0;985.0;312.0;380.9;400.3;871.3;
15;6843.8;528.1;10213.9;31626.8;5102.2;3261.2;6089.3;1557.7;531.1;1239.5;14593.8;3069.3;1689.8;866.8;653.8;2893.4;143.4;1093.7;5604.0;257.9;9782.3;31861.8;5128.6;3512.4;5649.3;1083.8;3203.1;1665.2;777.6;2983.9;97.8;1598.5;0.0;1282.6;0.0;0.0;59.4;0.0;0.0;262.2;916.1;338.0;384.2;450.7;754.6;
19;7385.4;562.7;15805.4;43186.8;6496.5;3590.0;5386.0;1806.4;503.6;1254.1;19490.0;2876.9;1230.9;526.9;593.6;3562.3;43.8;953.2;7707.2;461.6;15222.3;42539.7;6482.1;3762.2;5258.6;1948.5;3119.1;1207.7;597.4;3874.7;34.4;1099.4;0.0;2574.7;0.0;0.0;93.6;0.0;0.0;287.9;1010.4;381.0;386.9;358.9;850.2;
25;10118.9;538.9;13372.8;43551.1;6976.5;3990.8;6554.6;1841.4;1253.9;2246.0;21211.0;3976.7;1961.0;1103.2;833.5;3708.1;39.9;1180.5;7987.0;495.9;14277.0;44960.7;6700.0;4054.1;6724.0;1498.8;4514.2;2045.6;849.5;4297.5;74.3;1502.7;1.7;1514.7;0.0;0.0;27.4;0.0;0.0;217.7;1066.4;396.6;478.3;451.7;866.7;
29;9497.2;569.3;11796.3;41637.9;6103.0;3558.9;6041.2;1226.6;948.0;1218.1;16039.7;3823.7;2230.1;1125.5;625.8;2932.1;54.0;1148.4;8284.5;603.7;12483.2;42723.4;5643.6;3770.4;5783.8;1233.3;4236.2;1755.0;707.8;3223.7;82.3;1458.2;0.0;2594.2;0.0;0.0;22.1;0.0;0.0;252.9;619.1;351.7;376.9;343.9;807.9;
31;5702.6;402.5;16296.5;52693.8;6404.6;3398.0;7246.7;1696.0;958.7;1125.7;21708.0;4399.9;1695.6;1040.6;743.1;3610.1;72.3;1039.6;3767.4;271.1;16693.5;50076.1;6453.0;3607.7;7248.0;1618.8;3878.1;1622.5;840.1;4004.2;130.8;1715.4;0.0;4986.6;0.0;0.0;59.5;0.0;0.0;159.3;819.9;426.0;385.9;515.0;760.7;
35;5702.6;402.5;16296.5;52693.8;6404.6;3398.0;7246.7;1696.0;958.7;1125.7;21708.0;4399.9;1695.6;1040.6;743.1;3610.1;72.3;1039.6;3767.4;271.1;16693.5;50076.1;6453.0;3607.7;7248.0;1618.8;3878.1;1622.5;840.1;4004.2;130.8;1715.4;0.0;4986.6;0.0;0.0;59.5;0.0;0.0;159.3;819.9;426.0;385.9;515.0;760.7;
44;9745.1;409.4;13264.1;40073.2;7402.4;4238.8;6221.6;1634.9;675.0;994.3;18263.1;4378.2;1620.2;990.6;817.5;3293.6;87.8;1238.1;10608.6;326.4;14300.8;41512.4;6924.6;4618.2;6391.3;1608.1;4557.3;1840.9;740.6;3522.4;126.4;1541.8;1.2;1296.0;0.0;0.0;35.0;0.0;0.0;176.6;1121.0;362.2;405.2;415.6;886.6;
51;8630.7;594.8;10941.9;38504.9;6206.4;3176.0;5208.9;1615.9;705.0;1040.2;15647.5;3223.9;1248.8;758.2;664.6;2743.4;123.9;1043.1;5914.4;300.2;11636.3;39540.1;6243.2;3451.3;4900.9;1408.3;3326.6;1696.0;766.0;2995.4;169.9;1518.5;0.0;1669.5;0.0;0.0;75.8;0.0;0.0;203.5;1033.5;334.5;427.7;420.8;904.0;
53;31737.0;1709.3;13346.5;44473.9;7253.2;3529.9;5759.2;1785.3;643.1;1769.4;20448.8;3927.8;1874.1;889.1;560.5;3806.1;87.5;1405.5;36219.3;954.3;13819.9;43436.3;7374.5;3836.7;5427.4;1528.0;3923.5;1744.0;417.3;3905.8;185.8;1526.6;3.6;2221.6;0.0;0.0;22.6;0.0;0.0;283.6;1120.7;339.7;330.1;394.0;972.3;
54;12897.8;804.1;13670.5;41050.3;7974.4;4342.4;7437.5;2264.7;1059.7;1231.0;21458.8;4197.2;1485.1;603.2;706.4;3758.3;111.2;1236.9;9567.3;399.1;15044.1;45266.0;7441.2;4527.0;7548.6;2070.4;4289.7;1825.2;736.7;3912.9;147.3;1757.4;0.0;2059.5;0.0;0.0;48.5;0.0;0.0;194.5;1166.0;320.7;342.7;369.4;790.1;
56;4287.5;524.3;14234.5;44629.8;7941.0;3653.3;5225.9;1232.6;579.9;1179.3;20259.1;4163.5;1822.8;509.2;779.2;3459.2;226.9;1034.1;2512.3;671.6;14335.6;48859.1;8040.6;3593.3;6023.1;1525.9;4255.0;2092.2;575.6;3784.4;219.0;1399.5;0.0;2383.5;0.0;0.0;44.9;0.0;0.0;278.3;1065.3;555.1;617.9;708.9;886.7;
64;2610.2;387.9;12157.6;44147.7;6874.1;3474.9;7102.3;1867.3;815.6;1662.9;19359.4;3826.4;1682.5;508.6;708.8;3258.3;130.5;1007.5;2423.8;270.4;13304.2;45544.0;7546.2;3790.7;6593.5;1516.2;4241.9;1878.5;792.9;3770.8;68.0;1387.1;1.0;1954.5;0.0;0.0;11.1;0.0;0.0;139.6;813.4;407.4;553.3;455.3;838.6;
65;5010.9;772.6;13336.4;41058.3;6349.4;4451.0;6741.6;1710.0;705.3;1165.8;17218.2;3242.2;1700.6;704.1;636.6;3518.4;78.1;1107.3;6154.4;753.8;12906.1;41458.1;5960.0;4561.5;6396.0;1530.6;3359.8;1373.9;671.6;3679.1;97.6;1191.4;0.0;1322.5;0.0;0.0;29.8;0.0;0.0;128.6;1023.0;460.9;486.7;444.0;840.6;
69;4006.6;248.8;11131.7;37249.2;5819.8;3692.4;6040.5;1705.1;822.3;2406.7;17134.1;3115.5;1535.1;605.2;825.2;3014.7;159.7;1019.5;2655.3;403.9;10997.9;37143.2;6216.3;3931.9;5800.8;1434.4;3324.2;1529.8;569.7;3245.9;208.7;1153.9;0.0;1517.7;0.0;0.0;41.9;0.0;0.0;179.1;774.5;425.1;439.9;447.4;792.2;
71;3885.6;449.4;10427.9;35023.5;4841.8;2733.5;4846.1;1362.6;649.9;614.4;13794.4;3264.2;1332.4;562.8;758.8;2457.4;42.0;881.5;4858.1;317.8;10173.2;36422.6;4957.4;2845.7;4734.4;1072.5;3117.4;1203.2;666.2;2578.2;14.4;1145.4;0.0;1154.7;0.0;0.0;19.6;0.0;0.0;176.1;641.8;233.8;254.0;275.1;545.4;
72;5184.0;876.2;13879.7;45462.9;7585.3;3797.8;8729.7;2078.8;1082.8;1318.8;21399.2;3333.9;968.0;610.6;578.4;4724.7;172.4;1110.4;4837.3;312.8;15182.3;47149.7;8145.2;1918.2;2747.7;1071.4;1589.2;182.3;482.3;5335.3;10.4;1366.1;16.0;11282.6;0.0;0.0;62.9;0.0;0.0;6.3;564.2;569.0;558.1;1286.3;470.1;
75;8691.2;443.1;12749.8;43571.0;6372.4;3768.9;5884.4;1669.4;744.9;1945.2;18358.6;3975.1;1839.1;685.2;836.3;3502.8;235.9;1186.1;9016.9;310.3;12838.9;44601.3;6327.6;4043.6;5220.9;1371.6;4145.8;1744.7;817.7;3731.4;113.5;1381.7;0.0;1342.3;0.0;0.0;19.1;0.0;0.0;310.3;1003.2;316.6;356.2;415.7;952.6;
83;5576.1;423.8;14047.7;44128.7;6583.1;3289.5;6967.3;2156.7;849.1;1323.6;20092.8;4585.2;1734.9;800.2;772.1;3729.9;92.1;1125.8;3540.3;271.0;13648.0;42631.1;7069.4;3556.2;6584.1;1899.7;4678.0;1855.2;778.9;3972.8;112.1;1682.0;0.0;2023.6;0.0;0.0;4.0;0.0;0.0;269.8;783.9;406.6;385.3;475.9;781.8;
90;3191.8;274.1;13071.0;42574.8;6988.4;3894.9;6728.9;1823.2;654.6;2354.6;19446.8;4003.5;1908.8;515.1;904.1;3573.0;128.7;1172.3;4130.8;205.1;14191.0;45714.3;6420.9;3959.1;6727.3;1763.1;4096.3;2135.8;847.7;3899.3;104.9;1214.2;0.0;2479.0;0.0;0.0;6.5;0.0;0.0;139.0;1081.6;462.4;445.0;516.6;819.0;
93;5152.6;567.9;9994.6;41195.9;5870.0;3488.1;6587.9;1539.5;881.2;1762.6;18182.8;3885.8;1520.6;554.8;662.0;3319.0;145.9;988.4;4645.5;268.3;11120.1;42024.1;6004.1;3707.4;5947.3;1372.7;4294.8;1809.2;644.6;3425.8;109.0;1319.0;0.0;1316.3;0.0;0.0;14.5;0.0;0.0;222.2;665.0;324.9;374.1;369.2;716.8;
95;6767.4;237.9;10585.2;37623.1;7125.6;3094.8;5680.0;1870.1;1039.1;1746.4;19756.6;2737.7;1589.5;1219.0;420.8;4644.4;160.5;1380.2;6054.2;199.1;11749.2;39159.2;7433.9;3685.3;5728.2;1540.1;1927.9;882.0;586.2;4390.4;84.7;1479.0;0.0;7614.1;0.0;0.0;113.0;0.0;0.0;89.3;859.0;240.2;255.8;325.1;732.0;
107;4818.2;272.2;11578.5;38427.8;7469.0;3298.8;5880.6;1508.5;624.6;1609.6;18423.4;3983.6;1744.1;642.4;984.8;3468.0;47.1;1288.7;5810.4;469.4;11998.5;40026.3;7637.3;3813.2;6113.9;1485.0;4280.2;1556.7;757.8;3825.7;73.1;1537.2;1.5;1899.2;0.0;0.0;18.4;0.0;0.0;257.4;979.3;417.3;428.2;408.7;703.8;
108;6372.4;207.3;10488.1;40671.6;6294.7;3255.8;5295.5;1384.0;1419.8;1644.0;14836.2;3422.5;1677.2;1271.3;691.7;2748.6;10.6;875.2;8606.3;184.0;10196.5;40672.1;5745.1;3507.6;5423.5;1439.2;3714.7;1319.6;646.3;2823.7;65.4;1151.9;0.0;1353.1;0.0;0.0;27.6;0.0;0.0;183.3;706.3;262.7;380.3;303.1;634.9;
113;4889.4;442.9;11308.4;40195.5;6447.1;3030.5;6174.4;1808.8;904.8;1896.6;19368.2;3553.1;1676.9;829.1;912.3;3526.4;68.9;983.8;4248.1;234.2;12011.9;41760.2;7200.7;3353.6;5750.8;1761.8;3498.8;1805.8;806.3;3588.4;47.4;1273.3;14.9;1864.3;0.0;0.0;34.2;0.0;0.0;237.8;941.7;483.0;513.7;513.4;1068.2;
119;2152.6;177.2;13794.1;46385.3;7679.8;3747.1;5585.3;1331.2;576.1;1687.3;20532.1;3864.0;1551.7;627.1;713.1;3604.4;9.9;776.2;1629.6;339.0;14019.3;49414.5;7452.9;4227.3;6672.8;1546.5;4094.0;1658.1;685.7;3975.2;117.6;1126.2;0.0;1533.1;0.0;0.0;9.5;0.0;0.0;180.4;863.6;452.4;511.1;543.4;692.0;
121;4164.8;548.2;11450.1;44014.4;5729.3;3468.8;6275.7;1413.6;792.4;1246.2;16572.8;3894.7;1696.1;629.2;638.7;3195.9;91.5;1045.8;4255.4;405.6;13287.0;43779.5;5631.8;3790.3;5874.3;1094.5;3883.3;1602.5;616.2;3474.0;110.0;1476.5;0.0;1637.2;0.0;0.0;21.0;0.0;0.0;204.6;708.9;422.7;331.7;335.5;561.0;
123;14474.6;331.1;7517.8;32258.6;3887.4;2114.0;4913.1;905.3;673.0;1256.0;12914.9;1540.7;696.6;973.2;574.2;1857.7;204.1;1067.9;8658.4;9.0;6062.3;28158.5;4272.6;2814.7;4106.5;1153.1;815.5;400.4;387.1;2005.6;35.2;1835.4;3.8;8397.3;0.0;0.0;186.8;0.0;0.0;122.1;251.5;181.1;149.7;293.9;337.8;
124;5403.2;110.0;10306.3;34838.5;5607.9;3042.1;5522.0;1426.3;834.6;1807.1;15913.1;2455.1;1320.6;854.2;713.1;2822.0;74.4;925.5;5539.7;652.8;10224.9;31692.8;5425.8;3248.0;5111.4;1590.7;3242.9;1392.2;715.9;3141.9;55.5;1287.4;0.0;1100.1;0.0;0.0;26.1;0.0;0.0;256.4;1097.3;398.5;362.6;393.8;734.7;
125;3765.5;281.4;11103.4;45450.4;5626.5;3747.4;5778.8;1511.9;752.1;1556.7;16539.9;3836.5;1904.3;526.6;779.4;3142.2;56.4;949.9;5351.2;236.1;11702.1;47494.7;5156.7;3844.1;4076.9;1099.3;3571.9;1989.3;949.8;3535.8;31.7;1307.0;1.8;3259.0;0.0;0.0;43.9;0.0;0.0;270.1;529.7;269.0;295.9;265.9;442.4;
128;21389.4;1039.1;12441.0;44105.5;6635.5;3500.8;6372.6;1117.3;2604.0;1275.1;16866.1;3637.2;1510.2;1469.2;738.5;3336.9;188.4;916.6;22837.6;511.3;12974.9;44011.0;5530.8;3761.2;5697.8;1415.3;3323.1;1478.1;690.0;3455.4;87.6;1839.8;0.0;2979.9;0.0;0.0;19.7;0.0;0.0;322.4;844.3;346.6;389.5;447.5;821.6;
129;17228.6;304.7;7383.3;14785.1;7257.1;3584.4;5768.3;1433.4;2150.9;560.2;12820.9;4244.2;1126.1;1640.7;528.6;3773.5;37.6;2380.0;18463.8;736.5;4716.5;16939.2;5805.2;4434.2;3666.6;860.9;2820.6;1433.8;368.9;3635.3;21.6;2735.9;0.0;10271.9;0.0;0.0;112.7;0.0;0.0;133.8;820.5;373.1;209.0;227.7;376.1;
134;11079.5;239.8;11706.7;35987.5;6211.2;3492.6;6960.0;2015.2;722.0;1878.9;18417.5;3912.6;1975.0;803.6;1149.8;3322.1;93.5;1273.3;7147.0;162.3;12319.8;37647.2;6697.6;3996.2;6834.2;1803.7;4277.6;1854.9;986.8;3668.1;93.3;1415.7;0.0;2085.7;0.0;0.0;42.7;0.0;0.0;243.2;892.4;303.9;335.2;412.9;730.5;
138;7575.7;376.9;11655.3;40581.9;6320.7;3470.6;6724.9;1632.0;1222.3;2086.6;18287.1;3716.9;1538.4;1144.4;605.4;3324.5;248.1;896.1;5825.0;132.0;11969.1;40512.2;6076.4;3490.4;6210.2;1532.6;3425.1;1367.0;794.8;3311.9;89.0;1395.0;0.0;1426.9;0.0;0.0;30.9;0.0;0.0;288.0;767.5;326.3;415.0;340.3;693.5;
141;5767.1;284.0;10647.5;40107.5;6801.6;3353.9;5751.4;1282.3;807.6;1128.1;16824.0;4249.5;1908.2;823.5;789.4;3373.1;75.0;1011.2;5360.7;530.3;12287.3;42341.7;6867.2;3670.1;6228.3;1427.3;4252.6;2291.7;790.2;3705.7;95.2;1583.9;0.0;2122.1;0.0;0.0;26.2;0.0;0.0;293.8;682.4;359.0;365.7;362.9;820.5;
143;8628.0;559.3;9497.7;37536.4;6560.2;3622.1;6796.5;1650.9;1505.7;1176.3;16456.6;3254.2;1443.2;902.0;767.3;2800.1;135.6;1218.3;5929.8;432.4;10316.7;38388.5;5711.4;3605.0;6755.1;1417.5;3172.6;1808.7;756.3;3369.2;207.6;1674.8;0.0;1820.6;0.0;0.0;14.1;0.0;0.0;154.7;871.8;360.7;371.3;354.0;722.3;
144;12603.0;448.4;8296.7;40127.8;5948.4;2743.6;6424.3;1624.6;1772.0;1564.6;14978.8;3154.8;1379.3;884.3;570.9;2871.8;94.9;1550.4;9111.6;483.0;8647.6;39320.0;6092.5;2718.6;6400.9;1385.7;3431.3;1613.9;647.1;3129.1;156.6;1646.8;0.0;2431.0;0.0;0.0;7.7;0.0;0.0;261.9;806.6;370.2;345.0;381.3;719.5;
145;6472.4;450.7;12413.8;43883.6;6705.3;3421.0;6292.0;1524.4;799.6;2157.3;18058.8;4023.9;1858.7;903.6;732.4;3281.3;106.9;1217.8;5537.8;117.7;13293.9;47869.7;6635.4;3619.7;6042.7;1351.7;4200.5;1664.5;680.7;3352.9;124.8;1615.7;0.0;2406.7;0.0;0.0;24.6;0.0;0.0;218.3;795.5;313.8;340.9;358.8;744.7;
149;12344.6;464.5;11870.3;42558.2;5682.4;3350.7;6216.0;1514.4;1085.6;1076.6;16815.0;3216.6;1608.8;1301.2;659.1;3160.4;48.1;1012.9;10698.1;148.0;12609.2;44746.2;5838.9;3568.6;5552.2;1289.8;3156.4;1454.8;757.3;3329.1;185.7;1125.8;0.0;2131.4;0.0;0.0;15.1;0.0;0.0;221.4;965.5;351.7;348.0;385.6;876.9;
151;3736.9;596.6;14389.0;44717.8;6421.4;3429.4;5644.8;1599.0;1196.5;1421.1;19282.4;3545.4;1198.4;585.2;743.0;3248.9;106.8;873.8;2814.5;218.1;12770.3;42015.3;5814.8;3156.1;5696.1;1343.4;3451.7;1224.5;783.9;3505.8;107.2;1412.6;0.0;2093.1;0.0;0.0;60.9;0.0;0.0;175.0;874.1;513.8;421.2;432.7;551.2;
153;10017.3;605.9;11839.2;38454.3;6617.4;3228.2;6056.6;1529.7;842.5;1318.3;19096.8;3642.4;1590.4;937.3;579.1;3369.2;102.9;1250.6;9948.2;331.5;11800.8;39934.7;6479.6;3378.1;5763.9;1326.3;3385.3;1512.1;681.8;3716.3;93.9;1473.6;0.0;2401.1;0.0;0.0;11.9;0.0;0.0;283.0;1094.1;454.3;450.5;483.8;916.1;
154;3892.3;372.5;13068.0;41085.7;6424.7;2942.1;6551.8;1658.1;1114.3;1411.6;17668.6;3646.9;1641.4;683.0;885.9;3164.9;66.9;877.7;3208.7;137.4;13751.8;42698.2;7029.1;3127.7;6395.3;1422.7;3558.4;1466.4;818.2;3228.6;33.0;1237.0;0.0;1394.0;0.0;0.0;14.9;0.0;0.0;254.1;598.3;413.9;352.0;349.5;717.4;
156;14796.8;784.7;11950.4;46719.7;7218.4;3274.6;7097.5;1796.4;595.6;1086.2;19388.9;4026.9;1899.6;676.2;723.3;3441.5;102.1;1341.1;17409.3;654.9;12414.9;48028.2;7381.6;3584.1;6884.1;1856.4;4346.6;2190.4;612.8;3789.6;134.3;1404.5;0.0;1902.1;0.0;0.0;10.0;0.0;0.0;292.9;706.2;228.1;345.6;341.8;881.4;
157;6203.5;291.1;10562.1;36014.2;5713.9;3101.1;5929.2;1583.8;803.0;1175.0;16103.4;3170.8;1503.1;813.1;762.4;2980.2;87.7;938.3;6461.6;294.9;10950.2;37973.7;5930.5;3454.6;5666.3;1360.8;3269.5;1198.2;591.2;3298.4;70.1;1230.8;0.0;1578.0;0.0;0.0;12.9;0.0;0.0;320.2;921.6;379.8;350.3;420.8;802.7;
161;6799.7;439.8;11739.8;35094.8;5787.6;3260.9;5862.8;1653.9;768.8;1007.4;15929.3;3153.3;1714.2;817.1;658.7;3086.6;13.5;1073.5;5376.7;277.2;11889.7;35354.5;5582.0;3474.8;5987.8;1432.2;3633.0;1828.8;611.8;3102.3;59.5;1544.1;0.0;1509.6;0.0;0.0;26.2;0.0;0.0;338.7;918.7;353.0;425.6;416.2;762.3;
165;6624.9;537.8;11790.5;37108.8;6064.3;3058.0;5891.7;1592.0;1085.1;977.7;17209.0;3084.2;1307.3;1000.2;689.5;3115.2;89.6;1023.3;5730.0;488.4;12324.2;37072.9;5916.1;3342.6;5796.6;1438.6;3394.3;1578.9;578.0;3195.9;92.3;1152.8;0.0;2056.7;0.0;0.0;8.0;0.0;0.0;274.0;865.3;382.0;373.0;372.8;775.4;
172;7774.8;285.7;11564.3;36553.6;7141.6;4488.0;7191.9;1624.5;1226.6;1292.2;19102.3;4041.0;1771.2;1136.8;816.7;3593.8;93.8;1345.3;6468.4;163.5;11420.5;37436.5;7298.1;4368.8;7001.4;1724.5;4158.1;1779.2;886.4;3610.2;64.7;1797.3;0.0;2540.9;0.0;0.0;53.4;0.0;0.0;289.3;698.8;271.5;308.6;283.9;787.9;
173;3272.1;230.6;9650.3;35587.9;5166.4;3210.7;5542.3;1110.0;508.8;1173.1;13920.7;2795.2;1273.4;400.8;639.3;2681.5;91.6;837.0;2834.4;266.9;10206.5;38273.5;5597.0;3398.7;5267.7;1038.3;2630.0;1049.9;465.1;3012.3;104.2;1211.4;0.0;1786.8;0.0;0.0;29.9;0.0;0.0;166.7;888.9;438.5;421.5;439.8;716.0;
175;6362.7;355.5;7312.3;21316.1;6397.0;3933.2;6791.5;1821.8;856.4;1081.0;14811.4;4082.5;1686.6;787.5;942.7;3564.9;175.8;1312.3;4463.7;267.4;8415.6;23210.0;6692.5;4102.1;6710.3;1778.5;4076.6;1849.5;779.8;3542.3;156.6;1592.6;0.0;1528.5;0.0;0.0;6.8;0.0;0.0;218.7;706.6;363.6;365.0;362.1;698.6;
176;8287.9;410.4;9385.0;37016.2;5982.4;3140.7;6687.8;1573.4;1264.1;2763.8;16729.5;3666.7;1545.5;931.0;652.1;2991.1;150.6;1370.7;8195.9;454.0;9889.1;37843.3;6072.9;3345.3;6379.3;1320.4;4067.9;1844.6;709.2;3434.9;89.7;1652.7;0.0;1754.6;0.0;0.0;28.5;0.0;0.0;243.7;1119.9;519.4;498.3;601.9;1094.6;
177;3123.9;404.7;12953.3;38986.2;5655.6;3736.4;6351.2;1785.7;603.9;954.1;18181.3;3620.4;1690.5;756.5;751.0;3437.8;154.1;1150.1;3595.9;279.4;14116.4;40503.0;6233.9;4126.2;6363.6;1671.3;3706.6;1642.3;725.9;3898.2;143.6;1348.9;0.0;1557.4;0.0;0.0;8.0;0.0;0.0;204.8;792.2;344.2;416.2;370.4;719.4;
182;8762.8;740.8;13800.1;43340.4;7090.9;3115.4;5972.2;1898.6;1306.2;2755.4;20670.4;3909.8;1249.6;1156.2;709.0;3357.0;107.2;1165.8;8854.0;470.6;13808.0;44252.9;7303.1;3115.4;6123.8;1605.9;4237.3;1707.4;799.7;3673.2;49.7;1410.5;0.0;2401.7;0.0;0.0;21.9;0.0;0.0;193.9;895.6;382.5;359.0;360.2;843.8;
185;6149.3;672.9;14989.7;51120.1;7842.9;3654.2;6517.4;1907.7;912.4;1498.4;23259.9;3662.3;1821.7;841.8;837.1;4027.3;147.4;1407.2;4641.5;289.2;15714.4;51031.0;8004.1;4193.1;6639.8;1722.5;4150.9;1884.6;701.8;4290.1;141.8;1804.7;0.0;2679.3;0.0;0.0;18.4;0.0;0.0;323.5;1030.9;485.2;503.4;564.6;1010.6;
186;5281.4;275.2;9194.9;30135.6;5450.4;2420.0;4787.2;1202.3;1415.7;1562.5;12796.0;4080.1;1160.9;1052.7;509.8;2398.2;73.9;1074.0;3868.4;325.3;12686.9;31429.5;5518.4;2695.7;3686.3;1177.7;3524.5;1078.8;533.9;2149.2;41.6;1472.5;6.9;3229.7;0.0;0.0;46.9;0.0;0.0;211.7;617.7;290.7;297.6;262.3;482.0;
195;4863.9;414.9;12442.7;37950.6;7010.0;3474.5;6225.7;2076.1;736.5;1691.5;20059.6;3757.7;2260.7;752.9;823.6;3422.3;39.9;1161.3;6363.3;194.9;12033.0;37536.4;6996.9;3857.4;6810.4;1359.3;4486.3;2101.3;601.7;3965.8;70.7;1424.2;0.0;2356.5;0.0;0.0;17.1;0.0;0.0;264.3;865.3;390.5;373.3;554.9;654.3;
197;2306.6;195.5;10805.7;40597.3;6693.1;3201.4;5827.7;1379.6;485.6;1105.5;18082.2;4034.6;1607.9;755.0;908.2;3416.1;57.0;1208.9;1966.0;276.9;11446.4;42708.2;6782.6;3501.7;5877.2;1533.6;4163.2;1788.3;924.7;3557.2;110.3;1227.4;0.0;1679.6;0.0;0.0;7.0;0.0;0.0;221.6;610.2;300.8;423.7;381.1;488.1;
198;6345.5;257.1;10665.8;35121.7;5877.1;3441.6;6960.1;1701.5;832.0;1541.0;17269.3;4064.7;1828.9;1091.4;777.6;3303.7;73.2;1213.1;5879.2;325.1;10876.3;35892.0;5835.1;3666.7;6205.2;1479.3;3815.8;1811.9;605.9;3437.6;116.5;1480.6;1.7;1670.9;0.0;0.0;12.2;0.0;0.0;251.9;944.3;384.3;438.9;465.7;930.7;
201;6160.4;223.2;11314.2;36943.0;6190.1;3336.9;6319.1;1450.1;1641.0;1462.7;16609.8;3664.3;1671.5;1031.9;706.1;3224.6;105.0;1121.8;7389.9;174.9;11670.3;37869.1;5883.9;3521.5;5730.1;1275.5;3468.7;1543.5;638.4;3479.7;198.8;1365.2;0.0;1173.5;0.0;0.0;22.1;0.0;0.0;270.1;808.2;325.0;331.5;405.2;616.2;
202;5196.7;384.6;11317.7;39639.3;7277.2;3401.7;6127.3;1628.0;795.5;1294.4;18267.6;3539.8;1233.3;839.0;682.6;3093.7;61.2;1003.1;4436.9;256.3;11757.1;41058.0;7256.9;3691.2;6578.5;1490.2;3378.5;1418.6;747.6;3234.0;146.9;1642.7;0.0;1861.6;0.0;0.0;29.0;0.0;0.0;231.9;1038.2;495.1;534.3;532.0;958.7;
205;7996.8;337.5;12131.0;44901.9;6886.2;3575.2;6243.6;1360.6;940.6;1686.9;17786.8;3102.8;1401.8;1116.2;732.4;3214.4;27.9;1225.0;7133.8;463.5;12899.6;44983.4;6158.5;3819.6;5989.3;1524.4;3131.4;1340.7;703.7;3470.3;88.9;1308.0;0.0;2300.3;0.0;0.0;16.3;0.0;0.0;192.8;850.8;286.5;377.7;373.0;807.1;
208;3508.6;513.5;10544.9;38138.4;4994.2;2955.7;5167.1;1447.6;466.3;2134.0;13122.3;3049.2;1535.8;581.4;562.9;2640.5;20.8;828.9;2542.2;373.5;9505.8;35615.6;5344.5;2916.8;4958.0;1348.1;3267.6;1212.9;533.9;3077.7;30.9;944.9;0.0;1183.1;0.0;0.0;16.7;0.0;0.0;151.4;739.6;362.5;342.3;387.2;767.3;
210;8723.7;637.8;14853.5;45604.4;8184.8;3900.9;6553.3;1867.1;1155.8;1600.9;21077.0;4154.6;1463.1;935.5;954.2;3656.2;101.1;1035.5;4480.0;754.1;14835.3;42174.7;7957.5;4292.7;7525.8;2015.8;4460.3;1528.7;973.8;4155.2;158.4;1823.3;0.0;1899.4;0.0;0.0;75.7;0.0;0.0;298.0;747.8;373.4;399.3;527.7;1020.8;
212;7581.5;334.8;11988.1;39661.1;6027.3;3443.7;5782.0;1481.5;866.7;1890.8;17694.2;3783.2;1561.5;801.1;731.1;3107.6;101.6;1197.6;6734.7;253.4;12057.6;38918.2;6218.7;3446.2;5505.4;1275.2;3742.4;1449.5;802.4;3354.7;97.1;1380.4;0.0;2059.2;0.0;0.0;24.9;0.0;0.0;207.5;1004.1;489.3;490.1;433.2;881.8;
216;6137.5;596.4;10152.8;42497.9;6112.5;2953.1;5861.2;1642.5;1053.3;1103.7;16783.1;3856.2;1599.3;688.9;650.1;3407.5;44.4;1100.1;4799.6;549.9;9990.0;42602.7;6717.7;3312.2;5667.6;1613.5;4107.2;1750.3;587.2;3100.7;77.8;1278.2;0.0;1959.3;0.0;0.0;16.2;0.0;0.0;213.5;691.7;292.9;251.3;297.7;742.2;
219;3429.9;332.8;13030.0;44430.7;5405.3;2474.8;5848.4;1580.1;741.8;1536.8;16933.1;3236.6;1315.9;703.4;470.0;2918.9;64.3;928.0;2610.1;381.3;13813.2;46316.2;5630.6;2788.2;5495.6;1197.6;3144.1;1416.7;534.3;3176.5;57.4;1363.9;0.0;1580.1;0.0;0.0;17.4;0.0;0.0;204.3;672.9;365.0;393.8;363.0;706.6;
221;7653.4;647.2;12256.9;40037.8;6626.7;4475.5;6966.0;1770.8;647.8;1292.4;18050.0;4242.7;1912.7;941.0;730.1;3123.9;191.3;1045.6;6160.4;260.8;12481.4;41811.8;6554.8;4441.5;6694.7;1571.8;4350.8;1889.5;770.3;3710.8;215.6;1519.0;1.3;1811.0;0.0;0.0;55.1;0.0;0.0;202.1;909.2;380.6;407.2;383.3;826.1;
225;3365.5;287.7;13423.8;43775.0;6474.7;2795.0;6355.2;1725.0;658.4;2733.0;18916.1;3893.0;1510.6;673.6;732.3;3100.4;88.0;897.7;3035.6;92.0;14212.8;42987.0;6506.5;3082.8;5990.0;1415.5;3562.0;1678.5;772.8;3848.9;130.9;1249.3;0.0;1069.7;0.0;0.0;47.9;0.0;0.0;236.6;688.0;429.1;452.4;364.3;707.8;
227;4269.1;419.3;11618.0;37587.3;6486.1;3652.3;6107.7;1221.5;558.2;999.4;18425.6;3769.3;1826.3;561.2;703.4;3048.3;100.9;1150.0;4522.2;277.6;11652.6;38598.7;6128.2;3789.0;6576.3;1479.7;4069.9;1875.7;714.0;3403.5;115.4;1373.3;0.0;1664.5;0.0;0.0;29.4;0.0;0.0;250.2;936.7;439.2;410.1;481.0;899.3;
230;4392.5;769.2;11961.9;38524.6;6112.4;3279.2;5575.0;1989.8;700.8;1742.9;18353.6;3287.5;1453.2;705.3;729.4;3208.4;113.9;883.0;4350.3;512.9;12164.5;37907.6;6444.6;3492.7;5405.8;1460.7;3316.2;1480.3;758.6;3528.2;73.9;1083.9;0.0;1855.4;0.0;0.0;25.7;0.0;0.0;242.2;892.7;405.9;429.1;433.6;743.5;
231;5911.0;585.1;11554.2;38692.6;6386.4;3401.8;5894.2;1620.2;955.5;2444.9;18116.3;3665.7;1617.7;912.0;699.9;3169.5;37.8;980.1;5780.7;433.3;11817.1;37214.6;6350.6;3499.3;5467.2;1313.9;3619.7;1891.4;721.0;3434.2;143.4;1256.2;3.2;1269.1;0.0;0.0;15.1;0.0;0.0;294.2;860.1;381.7;392.9;439.1;811.8;
232;5540.4;315.9;13247.9;42062.4;6234.3;3503.3;5657.1;1807.4;763.9;1289.1;19054.3;3274.5;1702.1;840.0;675.5;3282.4;49.3;906.9;3207.3;270.7;13159.4;42080.3;6604.5;3877.8;5437.3;1239.2;3498.1;1080.9;529.7;3513.7;128.8;1041.9;0.0;1904.8;0.0;0.0;10.3;0.0;0.0;162.7;967.8;406.5;404.4;346.8;768.0;
235;5470.4;376.1;11544.0;43330.3;6506.8;3642.9;6320.6;1446.9;1134.0;1607.6;18193.0;3533.8;1659.6;855.9;587.8;3255.5;158.9;893.3;5741.2;260.1;12130.6;43654.3;6401.3;3893.3;6992.3;1636.1;3602.4;1640.5;597.0;3828.7;111.5;1451.8;0.0;1866.5;0.0;0.0;15.5;0.0;0.0;287.0;853.8;456.4;431.6;513.7;976.8;
237;4146.6;390.8;10908.9;35324.7;4845.5;3075.1;6344.3;1281.1;660.3;1807.1;14124.3;3102.7;1410.3;546.0;580.9;3148.2;88.4;1050.1;4144.8;269.1;10941.6;35444.1;4998.7;3283.3;5800.7;1209.3;3341.3;1427.4;641.6;3225.7;90.0;1045.1;0.0;1155.5;0.0;0.0;25.3;0.0;0.0;127.5;513.0;342.1;311.5;321.8;698.5;
253;4831.8;236.5;13552.3;37774.4;5627.1;3968.0;6285.2;1848.8;861.2;1328.6;18646.6;4014.7;1610.0;651.5;845.3;3412.5;67.3;1243.7;4177.5;469.9;14432.1;41279.9;6275.8;4276.1;5909.3;1566.1;3786.0;1310.1;781.0;3603.0;44.7;1432.9;0.0;1482.2;0.0;0.0;12.4;0.0;0.0;228.7;789.1;358.8;356.7;372.2;643.0;
256;7621.2;270.2;13610.8;42657.4;6654.4;4038.2;7172.6;2235.3;1108.8;1747.1;21386.6;4084.3;1648.1;909.0;1021.0;3964.1;174.2;1321.2;5335.9;427.6;13313.2;41012.5;6805.3;3968.1;6585.8;2064.9;4071.7;2154.7;888.5;4197.0;98.3;1527.8;0.0;2829.4;0.0;0.0;50.3;0.0;0.0;223.0;877.5;354.0;374.8;480.2;750.8;
261;7004.6;416.2;12616.3;40736.7;5497.9;3784.5;5864.6;1521.1;942.5;2349.0;16741.2;3318.7;1183.1;867.5;819.7;3088.1;77.7;1123.3;7494.6;287.8;12500.6;44015.5;5758.0;4046.0;5368.6;1426.5;3301.5;1330.3;690.0;3432.1;113.8;1492.4;0.0;1158.1;0.0;0.0;21.9;0.0;0.0;268.6;851.0;329.9;364.0;416.7;878.5;
263;10796.3;770.3;14662.8;39389.7;8268.0;4025.0;6715.3;2241.9;1087.4;1446.2;22226.1;4088.3;1709.7;832.7;1050.4;4484.2;107.1;1140.6;11750.3;218.7;14779.3;42188.0;8045.5;4318.3;6670.3;1956.2;4425.4;2107.3;828.1;4378.1;90.6;1560.4;11.0;2107.0;0.0;0.0;48.0;0.0;0.0;246.2;739.8;266.3;312.2;376.0;789.9;
264;2597.0;175.2;12257.0;38061.8;5713.8;3433.8;7014.7;1717.4;573.7;1415.2;17130.7;3852.1;1543.6;537.1;1009.0;3307.3;103.7;957.1;2962.9;183.8;12427.2;39633.5;5972.3;3825.1;6632.8;1626.6;3673.1;1849.1;878.3;3369.9;116.2;1229.8;0.0;1664.3;0.0;0.0;11.7;0.0;0.0;169.1;886.1;481.2;568.1;504.6;681.1;
266;3801.2;410.8;13537.1;36370.0;6709.2;3386.5;5948.2;1815.2;468.4;794.5;18681.6;3709.4;1857.4;822.5;755.3;3630.7;91.7;862.8;2892.9;393.7;12875.8;34596.5;6802.5;3297.7;5939.5;1597.9;3867.5;1744.9;669.6;3775.1;102.3;1130.2;0.0;1818.2;0.0;0.0;17.5;0.0;0.0;224.6;864.9;469.6;579.3;513.2;774.4;
277;3324.0;356.6;11222.7;35954.8;6338.8;3353.0;6306.9;1573.7;951.4;1506.0;19838.1;3446.3;1656.1;476.4;1013.0;3109.5;55.9;1072.3;2879.7;210.6;11392.9;37722.6;6618.4;3585.0;6492.5;1788.1;3390.1;1628.7;874.9;3182.0;88.3;1334.1;0.0;1997.3;0.0;0.0;47.5;0.0;0.0;195.6;612.0;283.9;298.1;287.6;586.9;
288;1722.1;173.9;9172.9;35189.9;5515.9;3184.9;4818.4;835.3;393.0;824.6;14365.4;3116.7;1623.5;356.4;586.8;2866.6;109.7;1095.4;1681.0;223.6;10169.4;35261.0;5551.4;3255.7;5128.1;1173.5;3237.6;1456.6;637.3;2948.4;94.9;1187.8;0.0;2339.8;0.0;0.0;15.1;0.0;0.0;236.0;614.2;319.4;354.7;342.6;667.5;
292;6861.0;596.2;10113.8;36831.5;6303.9;3088.5;5679.7;1798.0;844.4;1824.1;15578.3;3457.4;1467.2;552.5;616.0;3309.6;65.5;775.9;5589.3;185.5;11007.9;37851.9;6897.3;3334.3;5469.4;1639.8;3691.1;1527.7;713.8;3508.6;132.0;1443.0;0.0;1629.9;0.0;0.0;16.6;0.0;0.0;236.3;673.1;357.7;314.6;336.3;745.5;
293;12575.0;651.5;11428.5;39197.6;6971.7;3615.3;6489.0;1937.1;1105.7;1446.6;16903.4;3620.2;1445.1;819.8;826.0;3188.2;195.6;1092.7;9953.4;547.9;11478.7;37939.8;7063.2;3810.9;6004.3;1667.4;3627.3;1474.7;646.2;3591.8;173.5;1430.9;0.0;1812.1;0.0;0.0;12.4;0.0;0.0;283.3;825.2;340.5;334.2;358.1;789.8;
300;7121.6;314.7;12838.2;44033.1;6951.8;3075.8;5154.1;1421.8;647.2;1061.2;17176.0;3814.0;1795.6;750.9;826.1;3114.6;94.5;917.8;3101.0;774.5;13119.1;42049.6;6654.9;3294.8;5654.5;1310.2;4157.2;1792.3;769.4;3249.3;93.6;1340.6;0.0;2250.4;0.0;0.0;14.6;0.0;0.0;254.5;600.5;342.1;372.2;452.1;779.3;
301;8656.4;430.7;11389.3;39447.4;4861.4;2901.9;5215.1;1460.1;1369.0;1838.1;16233.8;3580.7;1748.1;673.4;691.0;2798.3;93.4;906.0;5179.4;230.0;11040.0;39648.7;5048.1;2997.8;5049.9;1197.3;3587.8;1386.4;605.5;2955.1;74.0;1067.4;0.0;2105.6;0.0;0.0;16.9;0.0;0.0;295.9;557.3;263.5;238.5;238.0;616.9;
304;2335.2;141.5;9579.6;37273.6;6292.3;3658.5;6930.6;2546.7;576.7;1225.6;17024.1;3172.3;1851.8;518.4;796.4;3334.6;118.1;1100.3;1714.8;291.6;10328.7;38818.9;6757.8;3928.9;6599.2;1687.0;3866.9;1915.6;849.2;3539.8;93.1;1454.6;1.1;2576.7;0.0;0.0;28.9;0.0;0.0;242.7;831.4;410.3;519.9;502.0;942.9;
307;6014.5;584.8;12209.3;46309.9;6791.6;3849.6;6773.5;1812.9;1131.4;3111.2;18640.0;4131.5;1510.1;810.2;671.6;3778.3;168.1;1107.1;6394.1;488.3;13411.6;48430.9;6965.2;4257.4;6468.9;1635.7;4018.5;1894.0;708.2;4037.0;179.9;1512.8;0.0;2299.2;0.0;0.0;69.0;0.0;0.0;271.8;1264.8;492.0;527.9;615.8;1077.7;
310;12293.8;587.6;12365.3;44026.8;7235.9;3042.5;7187.9;1962.1;1750.9;1202.8;18589.7;3423.1;1922.7;1214.8;490.0;3216.7;259.1;1263.4;12717.2;153.9;13385.4;42409.4;6836.0;3579.2;7156.6;1517.3;3512.5;2369.7;752.8;3903.8;192.1;1624.4;0.0;3510.3;0.0;0.0;19.3;0.0;0.0;229.7;746.2;347.7;362.0;368.0;632.3;
313;5686.7;456.0;11620.0;40625.3;5798.1;3785.2;7697.7;1772.9;1107.9;2074.6;17354.1;3708.1;1785.6;589.6;619.1;3373.7;94.5;1177.8;8042.1;559.3;12301.2;41086.2;5986.8;2618.4;6874.1;1367.8;3790.0;1948.7;635.3;3380.4;84.4;1840.3;0.0;1569.0;0.0;0.0;21.1;0.0;0.0;192.2;838.4;426.9;393.5;386.7;875.5;
314;6744.0;556.9;10475.7;41750.3;5466.0;3189.1;6098.1;1390.6;1150.9;1685.6;16178.7;3563.7;1701.8;548.0;610.5;3173.8;48.5;1224.5;5110.6;141.9;10021.5;38422.1;5555.4;3288.6;6542.0;1164.8;3713.9;1724.9;673.7;3291.4;65.3;1732.9;0.0;1990.1;0.0;0.0;6.0;0.0;0.0;190.5;782.7;384.1;365.0;411.4;760.9;
319;5561.7;268.0;11719.6;43635.9;5496.5;3538.8;6142.2;1712.3;594.8;1266.6;18187.5;3501.8;1597.2;622.3;685.9;3378.4;64.0;915.0;4118.0;214.3;10998.5;42022.8;5938.9;3764.8;5968.3;1564.2;3647.9;1941.0;769.0;3808.9;88.0;1389.1;0.0;1692.7;0.0;0.0;16.3;0.0;0.0;177.0;807.3;402.5;387.0;325.0;741.5;
320;4554.9;496.6;9918.8;34237.8;5655.5;2594.4;5834.5;1680.8;879.9;944.0;16232.4;3423.7;1544.8;593.1;647.0;3169.3;53.7;1160.8;6498.7;467.1;11802.4;35052.0;5522.6;2794.2;4193.6;1583.2;3788.5;1817.7;512.9;3026.1;48.0;1626.7;0.0;2389.2;0.0;0.0;29.6;0.0;0.0;74.0;729.1;317.3;389.1;441.2;844.0;
322;12341.2;1096.9;12517.6;40278.6;6453.8;3349.1;5808.2;1635.1;1776.2;1670.0;18553.9;3693.6;1374.3;1022.1;436.1;3505.8;90.5;1045.5;6294.6;572.6;12925.1;41354.0;6805.4;4098.6;5564.8;1506.7;3680.7;1360.7;361.1;3815.3;66.3;1496.6;0.0;1487.6;0.0;0.0;58.2;0.0;0.0;170.2;764.1;293.0;281.6;334.7;725.1;
327;5200.5;687.8;13901.7;43686.4;7226.8;3872.2;5988.0;1802.3;1177.1;1368.5;21635.3;4251.2;1390.0;783.6;668.2;3534.0;94.9;1039.5;4485.1;748.5;14818.1;43386.6;7630.4;4216.1;5755.7;1457.9;4263.6;1668.5;794.3;3864.6;101.7;1232.4;0.0;1638.0;0.0;0.0;32.0;0.0;0.0;261.0;853.0;411.7;435.0;406.5;829.8;
331;4342.0;492.3;12440.1;41829.1;6234.7;3714.5;6459.3;1554.8;858.3;1559.1;17629.9;3434.3;1691.4;1115.3;1003.5;3284.9;151.0;1021.3;3241.7;530.1;11873.1;34453.5;6820.0;4166.4;6211.4;1539.7;3374.7;1837.8;779.7;3816.7;108.3;1421.7;6.6;2608.4;0.0;0.0;52.9;0.0;0.0;160.6;838.3;374.8;434.9;517.2;863.0;
332;3691.5;253.5;9870.2;32192.9;5114.3;2496.8;5137.6;1182.1;526.5;533.7;14084.6;2581.8;1175.2;819.1;648.0;2490.2;213.8;724.3;3707.2;182.6;10635.8;32789.8;5036.2;2590.9;4821.5;1119.5;2738.5;1447.6;551.5;2711.7;80.3;890.6;0.0;1418.3;0.0;0.0;9.8;0.0;0.0;187.6;843.1;326.0;400.0;396.5;683.7;
333;7836.8;602.9;12796.4;44686.1;7941.3;3557.5;6725.6;1846.9;617.5;1895.5;21428.5;3596.6;1763.4;1017.9;784.2;3927.4;32.9;989.3;7551.4;309.9;14053.0;45383.6;8004.8;3831.9;6904.6;1597.7;3844.4;1949.7;856.5;4014.1;68.8;1342.7;0.0;1324.4;0.0;0.0;12.1;0.0;0.0;174.4;819.3;377.6;400.0;453.3;923.2;
344;6942.4;531.6;12549.8;38342.2;5729.7;3315.6;4950.2;1393.2;1574.9;1493.8;16778.8;3180.9;1248.5;1293.2;836.9;3194.9;70.8;968.6;6154.7;395.5;11771.2;38143.5;5717.4;3605.7;5028.6;1372.2;3384.0;1528.0;695.5;3531.3;84.0;1045.9;0.0;1524.0;0.0;0.0;23.1;0.0;0.0;269.0;780.6;249.9;276.1;291.0;623.2;
346;8543.2;420.4;12956.9;44292.2;6450.4;3648.7;6818.3;1451.3;1063.2;2155.1;19156.7;3546.7;1582.2;867.3;839.2;3399.0;191.1;1132.1;9396.1;471.8;14316.2;46700.8;5724.7;4090.4;6545.7;1234.4;3438.4;1930.9;803.1;3471.0;142.2;1523.2;0.0;1989.9;0.0;0.0;71.2;0.0;0.0;284.4;791.3;307.4;330.7;382.6;717.2;
348;28239.4;1428.6;11709.1;34124.1;6591.3;3164.2;5887.7;1593.0;1465.7;1355.7;14684.9;3518.1;1734.8;1538.7;825.4;3320.2;126.2;1040.3;25900.0;689.8;11983.2;36416.0;7326.7;3684.5;6005.5;1281.6;3304.9;1941.2;716.9;3658.1;131.6;991.6;0.0;3071.4;0.0;0.0;35.5;0.0;0.0;208.4;824.4;292.2;414.0;483.3;1003.6;
353;2956.2;265.4;13156.0;42663.7;6018.4;3829.3;5567.9;1462.8;523.6;793.9;18821.7;3906.9;1523.7;584.4;660.8;3301.0;62.7;760.7;2318.0;241.3;12986.6;45684.0;5808.5;4408.8;5598.8;1645.1;3836.3;1675.1;695.9;3371.0;58.6;1110.1;0.0;1892.9;0.0;0.0;22.5;0.0;0.0;286.0;706.7;411.8;400.2;363.8;670.6;
355;7566.9;310.1;12435.3;41205.9;6353.4;2948.1;6953.6;1814.4;939.8;1263.7;17201.3;3354.3;1450.6;915.3;778.6;2837.7;24.3;964.0;5700.7;250.5;11064.8;40962.6;6475.6;3374.9;6106.8;1462.5;3313.8;1568.8;703.9;3475.7;226.4;1483.1;0.0;1635.4;0.0;0.0;6.3;0.0;0.0;246.2;854.6;338.7;299.1;394.8;798.3;
356;11772.2;523.2;10820.6;36053.2;5780.2;3063.4;5456.7;1398.5;1091.0;2767.7;15506.2;3408.9;1309.2;957.0;727.8;3028.4;164.7;1262.2;7203.4;351.0;11415.9;37473.7;5593.3;3095.3;4867.9;1325.2;3315.7;1781.7;606.9;3094.1;74.7;1631.5;0.0;1753.4;0.0;0.0;18.5;0.0;0.0;273.0;693.3;259.2;295.1;296.3;675.9;
357;7150.3;536.5;13609.6;42766.6;7740.5;3456.6;6318.9;1414.0;946.9;1786.9;19624.8;4262.2;1582.4;1068.3;987.1;3341.4;193.8;1049.6;6198.4;633.0;13692.1;45262.1;6647.8;4041.5;6210.7;1589.3;4342.9;2363.8;846.2;3587.3;235.4;1627.8;0.0;2239.5;0.0;0.0;71.0;0.0;0.0;158.6;1017.5;337.2;336.8;370.8;817.8;
358;2693.9;253.9;12382.9;37279.4;5556.5;3324.0;5638.8;1270.9;501.6;902.3;16303.8;3001.5;1341.8;603.0;605.7;2868.7;106.8;1034.6;2440.7;103.9;13411.1;37819.0;5403.4;3379.8;5580.9;1242.6;3069.7;1383.5;597.5;3011.2;157.0;1252.1;0.0;1398.8;0.0;0.0;6.4;0.0;0.0;215.2;706.5;381.5;376.2;354.2;772.0;
364;3455.0;185.7;12688.2;45699.7;6068.6;3266.8;6069.4;1391.7;755.8;1422.1;16550.4;3967.0;1582.7;718.8;776.5;3184.7;92.9;1007.4;4047.2;392.9;12766.5;45884.2;5787.5;3479.4;5795.9;1083.8;3623.6;1363.6;696.0;3765.5;139.8;1215.5;0.0;1162.9;0.0;0.0;15.0;0.0;0.0;187.8;805.6;374.4;444.5;368.3;788.5;
369;16923.1;368.2;5767.5;20752.9;4711.1;2088.2;3969.7;717.8;601.9;2001.9;10926.5;1618.0;889.2;792.0;384.4;2142.3;25.8;787.8;7152.9;139.1;6542.5;22847.5;3724.5;2189.1;4755.6;1154.8;1994.9;1081.8;458.4;2431.3;107.9;1103.8;0.0;2664.1;0.0;0.0;32.5;0.0;0.0;178.2;538.1;224.2;233.7;305.1;558.1;
371;13575.1;598.3;17202.7;57992.8;8302.4;4243.7;7511.0;2102.2;1820.4;1492.2;23074.5;4189.9;2255.6;1332.3;633.8;4125.3;59.5;1045.4;9873.2;594.9;18009.0;57771.5;7132.8;4510.4;7293.1;1902.4;4684.6;2830.2;948.4;4529.5;69.0;1677.7;0.0;2129.2;0.0;0.0;36.5;0.0;0.0;308.4;884.5;420.4;497.7;565.5;1230.7;
374;3250.4;235.6;12316.4;43129.4;6352.2;2323.4;5746.4;1140.7;570.3;1632.7;18174.4;3128.7;1664.7;506.4;569.4;3205.8;140.6;899.8;2970.1;226.0;14105.4;44393.7;5657.7;2312.4;5497.6;1333.8;3215.7;1535.5;680.3;3212.0;50.4;1017.2;0.0;2366.4;0.0;0.0;10.4;0.0;0.0;229.2;776.0;333.3;384.4;325.2;632.3;
381;5381.6;255.5;11782.0;46405.3;6988.8;2961.1;6982.0;1927.6;1137.0;1392.4;17813.0;3198.5;1422.1;999.5;924.7;2605.6;76.1;1288.1;4402.2;327.4;12433.4;47726.3;7171.0;3564.1;6564.1;1939.3;3806.5;1372.3;858.9;2965.7;137.7;1630.8;0.0;4298.2;0.0;0.0;24.6;0.0;0.0;263.2;790.1;306.5;328.1;242.5;594.0;
390;3074.6;297.2;14081.2;45731.8;8201.3;3670.4;5416.3;1288.1;440.6;778.1;19996.1;3995.8;1867.6;472.0;783.6;3764.5;32.2;1338.1;1875.8;344.1;13038.0;45961.7;7969.5;3878.9;5755.9;1289.7;3977.6;1913.3;720.0;3676.8;36.5;1693.4;0.0;2721.5;0.0;0.0;14.9;0.0;0.0;231.4;902.9;394.2;523.7;464.6;906.9;
396;4924.8;315.2;13401.5;38280.1;5802.9;3629.2;5424.3;1205.0;619.6;1117.9;18402.1;3580.4;1733.0;488.3;691.3;3138.9;57.0;1036.7;2521.2;257.8;13537.6;37442.7;6348.7;3768.0;5197.9;1407.2;3416.9;1566.9;818.9;3054.0;49.2;1466.7;0.0;2663.9;0.0;0.0;25.4;0.0;0.0;237.4;691.1;333.5;390.1;400.9;798.8;
399;5016.9;256.0;10469.2;41202.9;5522.6;2457.5;4718.0;971.2;1121.6;2353.5;14922.9;2130.8;1165.6;949.2;797.7;2905.0;63.9;1803.8;5181.9;498.9;10817.3;38665.7;5455.7;3140.7;3562.6;1142.7;3253.5;1421.2;554.3;3414.3;21.5;2025.2;0.0;9789.1;0.0;0.0;36.0;0.0;0.0;158.3;156.4;235.2;134.5;74.5;40.5;
402;4001.7;442.2;12464.3;42008.6;6602.0;3460.8;6032.1;2164.9;495.5;662.2;20334.7;4494.4;1736.4;567.5;841.3;3259.6;91.2;1162.3;3651.1;282.6;13039.3;46358.5;6887.7;4014.5;6804.8;1693.7;4477.3;2520.7;760.1;3927.9;171.8;1523.1;0.0;2947.5;0.0;0.0;27.2;0.0;0.0;237.8;1073.1;548.4;725.6;718.0;981.2;
409;7161.3;251.6;11049.9;42708.3;6475.7;3452.4;5957.2;1316.6;1371.1;1486.1;16466.9;3717.7;2009.0;703.1;802.2;3202.1;174.1;1249.4;6404.1;329.4;11015.8;40648.7;6094.2;3724.7;6571.8;1370.4;3834.6;1502.4;706.9;3689.2;177.8;1273.3;8.2;2101.4;0.0;0.0;16.3;0.0;0.0;188.8;720.0;372.0;310.5;353.0;850.0;
413;7521.5;583.5;15010.4;43703.9;7512.4;4042.4;6749.8;2076.1;1260.0;2203.2;20697.7;4219.1;2095.2;1054.2;953.5;4080.3;138.8;1219.4;7018.9;226.4;15100.4;43174.4;7347.3;4231.4;6746.4;1581.0;4383.9;1890.4;786.3;4012.5;115.4;1753.7;0.0;1389.2;0.0;0.0;53.6;0.0;0.0;341.1;1049.2;406.3;449.9;466.5;874.5;
416;11077.4;721.1;15381.5;49328.8;7347.7;3452.4;6233.3;1848.3;1146.8;1737.1;21017.4;3694.3;1831.3;733.9;763.5;3543.1;49.8;1220.4;11279.2;881.8;15685.7;48336.7;7293.0;3639.3;6541.6;1765.0;3888.2;2183.5;848.6;4002.7;95.9;1433.0;0.0;2300.4;0.0;0.0;24.5;0.0;0.0;271.7;817.1;268.6;366.4;379.7;747.0;
417;7189.5;481.1;13435.9;45053.0;6487.8;3997.7;7526.5;1788.6;949.7;1539.1;20228.4;3818.9;2319.0;695.4;785.2;3626.2;48.8;1036.2;6624.9;569.9;14078.7;43181.2;6643.6;4376.7;7291.8;1617.6;4378.8;2582.7;1005.2;4199.7;229.3;1276.4;0.0;1956.7;0.0;0.0;20.6;0.0;0.0;316.4;809.0;351.1;350.0;400.2;728.8;
423;9340.9;295.9;11704.5;39830.7;6094.4;3770.1;5839.0;1329.0;1220.3;2646.1;16329.3;3349.3;1564.9;1188.1;523.1;3033.2;101.9;1181.4;8539.7;536.9;12290.6;40623.8;5999.3;3906.7;5857.7;1327.0;3326.9;1596.5;807.6;3129.4;83.8;1370.0;0.0;2042.1;0.0;0.0;7.6;0.0;0.0;175.9;610.8;288.3;321.9;330.6;592.8;
424;11079.5;239.8;11706.7;35987.5;6211.2;3492.6;6960.0;2015.2;722.0;1878.9;18417.5;3912.6;1975.0;803.6;1149.8;3322.1;93.5;1273.3;7147.0;162.3;12319.8;37647.2;6697.6;3996.2;6834.2;1803.7;4277.6;1854.9;986.8;3668.1;93.3;1415.7;0.0;2085.7;0.0;0.0;42.7;0.0;0.0;243.2;892.4;303.9;335.2;412.9;730.5;
426;6085.4;412.3;9606.9;33195.9;4635.9;2263.4;4940.1;1563.2;968.7;1701.7;12783.1;3510.3;1318.9;715.0;780.7;2425.8;51.3;1144.4;6833.9;464.2;10127.4;31337.3;4512.5;2448.3;3432.1;1114.6;3367.0;1180.6;643.7;2533.7;25.5;1351.6;0.0;2754.0;0.0;0.0;73.4;0.0;0.0;165.6;215.2;142.3;136.1;120.7;297.6;
427;22812.7;782.6;12197.0;45718.2;5758.5;3337.7;5861.2;1592.2;1928.3;1786.9;16663.5;2867.1;928.6;1075.5;673.1;2572.8;94.2;1043.3;24146.1;463.6;12406.2;41415.8;5607.5;3806.7;5276.8;1146.0;1549.9;633.1;658.2;2975.0;46.4;1430.6;13.8;3155.9;0.0;0.0;21.4;0.0;0.0;163.7;465.7;316.7;354.2;364.1;749.6;
429;3414.1;219.7;12631.5;45155.4;7646.2;3851.0;6623.9;2142.9;810.9;1493.0;19384.5;4070.6;1716.4;509.1;808.2;3378.6;97.7;1811.3;4209.9;306.9;12101.9;45695.7;7908.4;4155.9;6665.1;1763.1;4152.7;1802.7;727.1;3892.1;62.9;1511.4;0.0;2474.7;0.0;0.0;16.7;0.0;0.0;307.1;815.1;355.0;459.7;423.6;895.4;
431;3721.8;429.8;11182.3;37135.8;6176.0;3104.9;5462.1;1503.5;571.5;1700.5;18214.3;3843.7;1543.2;585.3;674.0;3223.5;288.8;1126.7;3513.6;577.6;11708.2;36327.2;6525.8;3499.7;5296.9;1317.6;3975.5;1652.7;632.7;3476.4;118.6;1253.3;0.0;1282.4;0.0;0.0;3.0;0.0;0.0;316.9;685.2;435.0;304.1;333.8;643.7;
432;3320.6;304.6;10883.4;36531.5;6620.1;3019.2;5215.5;1510.2;572.2;1788.5;18095.9;3922.8;1482.0;527.9;704.1;2946.8;47.2;1047.7;3218.4;217.3;11312.1;35981.3;6768.1;3374.4;4907.7;1319.0;3665.8;1751.0;577.7;3201.7;58.5;1266.1;0.0;1661.2;0.0;0.0;9.9;0.0;0.0;293.7;692.0;393.2;416.2;362.9;695.6;
440;5205.4;457.8;15483.1;45838.5;6648.6;3875.3;6523.4;1583.9;690.5;1296.8;20010.8;4319.0;1874.6;715.8;986.0;3630.9;124.2;1242.7;4789.3;572.4;15357.3;46788.2;6067.5;4332.5;6154.1;1751.8;4096.3;1682.3;971.6;3815.9;94.6;1538.7;0.0;1459.4;0.0;0.0;17.4;0.0;0.0;171.5;825.0;486.2;479.9;470.7;809.2;
452;3387.8;310.7;12378.9;38807.5;6296.3;3312.0;5810.3;1010.9;506.0;458.0;16002.2;3488.7;1756.0;657.4;671.5;2979.0;58.0;1015.9;3440.4;600.3;12882.0;40385.2;5673.1;3535.5;6133.2;1321.6;3442.6;1565.3;668.3;3379.7;201.4;1456.5;0.0;2190.8;0.0;0.0;16.4;0.0;0.0;230.1;834.9;444.1;412.8;442.3;868.1;
456;3467.5;48.3;13363.3;43962.2;6185.6;2200.1;5210.6;1307.4;574.4;1229.7;19672.8;2202.7;1225.3;664.1;330.1;3226.6;13.0;1390.6;3962.9;595.4;14248.7;47100.9;6529.7;2892.7;5275.5;1351.2;4125.7;1614.1;518.3;3808.1;64.0;1991.6;0.0;8403.2;0.0;0.0;18.4;0.0;0.0;20.2;974.7;483.1;469.2;463.6;750.8;
458;5768.6;263.8;11430.9;37845.3;6661.5;3753.2;7505.0;1812.2;1033.1;2035.2;17746.7;3424.9;1820.8;1011.8;985.6;3574.8;138.7;1374.8;4832.7;127.6;11735.5;39805.7;7087.2;4338.6;6915.3;1510.5;3738.8;1674.8;753.6;3917.5;96.6;1392.0;0.0;1996.0;0.0;0.0;32.5;0.0;0.0;311.0;918.2;417.9;427.4;389.0;723.4;
464;7872.9;523.3;11776.7;39084.7;5530.0;3606.4;5284.0;2017.3;670.6;2288.2;14671.7;3555.3;1581.8;971.3;597.6;2674.5;53.1;1242.6;8521.7;347.4;12011.8;40918.8;5125.3;3990.2;5808.4;1244.3;3292.9;1291.6;624.0;2694.3;111.9;1384.4;0.0;3491.2;0.0;0.0;26.5;0.0;0.0;207.3;833.2;297.9;309.2;255.5;797.4;
469;7078.1;268.5;13823.0;40105.5;7166.2;3860.4;7190.7;2032.1;773.7;1479.8;18665.0;4018.6;1758.9;788.0;834.7;3727.0;87.9;1409.7;8540.1;174.1;13743.9;41061.4;6995.6;4069.6;6929.8;1804.5;4171.4;2020.1;856.6;3852.2;142.9;1452.0;0.0;2229.1;0.0;0.0;11.4;0.0;0.0;238.2;946.1;359.4;390.3;439.1;927.4;
472;4358.3;588.4;11159.8;36752.6;6641.5;3818.0;6313.0;1963.4;970.2;1784.8;19603.4;3062.3;1568.5;728.6;719.9;3352.9;71.8;1097.5;3831.2;321.4;11579.2;36967.9;6495.8;3844.0;5876.3;1743.6;3439.6;1449.4;768.4;3794.1;75.5;1402.6;0.0;2118.2;0.0;0.0;28.4;0.0;0.0;278.3;853.0;380.9;323.0;427.3;737.7;
478;4211.4;362.2;13915.6;46124.3;7779.7;4380.6;7728.3;1882.8;693.0;799.2;22113.4;4067.3;1578.3;666.7;1034.9;3953.6;86.5;1360.6;3654.7;330.4;13669.6;44583.0;7534.8;4849.3;7106.8;2023.9;3886.9;1666.9;962.6;4285.2;174.7;1591.0;7.7;2699.2;0.0;0.0;21.8;0.0;0.0;325.3;1166.6;577.1;509.7;643.5;1091.1;
480;5183.4;254.8;13735.0;47461.7;7732.2;3329.5;5003.2;1682.9;912.1;1730.6;20050.7;3985.3;1756.2;813.5;770.4;3773.5;32.2;1139.7;7797.8;287.4;13950.2;47420.1;6733.3;3789.3;6261.4;1448.8;4083.0;2009.9;712.7;3785.4;61.5;1448.1;7.6;1300.6;0.0;0.0;10.6;0.0;0.0;291.4;1090.2;663.4;651.1;571.1;1118.2;
483;8407.6;184.5;12679.3;40959.6;6077.2;3521.4;5855.4;1818.4;588.1;1423.0;17147.8;3712.1;1646.7;1454.7;879.9;3134.7;63.7;977.0;7904.0;276.3;12253.1;41323.4;6359.6;3805.3;5660.6;1437.6;3725.5;1670.6;808.7;3212.9;75.9;1276.4;0.0;1640.4;0.0;0.0;26.0;0.0;0.0;288.4;1087.1;407.2;521.5;556.7;1068.2;
484;4723.3;639.2;14989.9;48456.1;6387.1;3836.7;6697.7;1881.5;954.8;1327.5;20083.4;3191.2;1203.0;836.0;827.9;3309.3;172.3;1006.6;4252.1;351.7;14801.2;47349.4;6544.4;4120.6;7017.7;1633.5;3283.7;1694.6;705.5;3895.4;126.8;1281.5;0.0;1643.4;0.0;0.0;16.0;0.0;0.0;291.7;919.3;439.4;481.3;453.2;731.9;
485;4723.3;639.2;14989.9;48456.1;6387.1;3836.7;6697.7;1881.5;954.8;1327.5;20083.4;3191.2;1203.0;836.0;827.9;3309.3;172.3;1006.6;4252.1;351.7;14801.2;47349.4;6544.4;4120.6;7017.7;1633.5;3283.7;1694.6;705.5;3895.4;126.8;1281.5;0.0;1643.4;0.0;0.0;16.0;0.0;0.0;291.7;919.3;439.4;481.3;453.2;731.9;
491;11285.6;1270.4;13473.4;46140.5;7344.2;3221.9;7238.0;1924.8;1148.4;2519.9;20638.7;3680.3;1752.3;1327.5;650.4;3708.0;77.1;1145.9;10765.1;1047.0;13895.7;47512.4;7676.8;3522.0;6816.0;1552.7;3748.5;1700.6;686.6;4007.2;159.6;1590.3;3.3;2332.0;0.0;0.0;24.7;0.0;0.0;342.5;906.6;393.6;432.4;453.6;897.1;
496;3007.8;648.1;12002.6;42728.5;7136.6;3381.5;6691.4;1157.6;548.6;1159.6;17334.6;3449.1;1646.1;485.7;643.6;3296.1;133.8;1400.0;4914.3;333.2;12487.0;44463.4;6186.6;3676.8;6287.9;1402.1;3571.7;1899.7;579.6;3402.0;238.9;1382.9;0.0;1761.6;0.0;0.0;16.1;0.0;0.0;229.3;769.6;319.3;365.0;350.5;676.5;
499;5594.0;628.0;15834.0;43954.0;7939.0;4346.0;7512.0;2646.0;1426.0;2781.0;22351.0;4223.0;2006.0;1034.0;845.0;4498.0;107.0;1711.0;5592.0;398.0;15248.0;45065.0;8317.0;4406.0;7208.0;2188.0;4323.0;2303.0;918.0;5141.0;105.0;2004.0;17.0;3802.0;0.0;0.0;54.0;0.0;0.0;232.0;938.0;505.0;494.0;545.0;1023.0;
504;12441.2;781.9;11774.4;39139.0;6150.7;3534.5;5609.4;1685.8;1484.8;1738.7;18350.7;3087.4;1946.9;947.4;548.6;3259.0;84.5;940.2;8186.0;383.5;12746.2;39070.3;6316.7;3625.2;5646.7;1539.1;3813.3;1868.1;639.8;3318.7;76.4;1684.7;0.0;1742.6;0.0;0.0;21.3;0.0;0.0;316.6;821.5;345.6;350.6;402.1;848.4;
517;3794.0;249.0;12419.0;41334.0;5615.0;2951.0;5513.0;1568.0;827.0;1404.0;16392.0;3763.0;1830.0;907.0;711.0;3311.0;67.0;1351.0;4067.0;115.0;11506.0;38709.0;6058.0;2955.0;5587.0;1325.0;3627.0;2059.0;853.0;3486.0;87.0;1418.0;0.0;1896.0;0.0;0.0;14.0;0.0;0.0;309.0;857.0;387.0;516.0;494.0;638.0;
526;7119.8;359.8;9536.7;33385.4;6107.7;2888.5;6184.0;1618.3;686.6;1983.6;16290.3;2572.2;1349.6;945.2;566.9;2994.5;85.8;821.6;6427.3;563.0;9658.0;31964.5;5783.4;3054.7;5785.9;1383.1;2620.6;1230.3;666.2;3245.4;96.7;1091.1;0.0;1400.6;0.0;0.0;38.1;0.0;0.0;214.1;690.1;254.8;302.6;347.8;686.6;
532;3466.4;219.0;13292.2;41427.3;7305.8;3451.9;6279.4;1795.7;1003.0;1973.1;19048.9;3695.6;1693.8;846.2;807.1;3320.6;27.8;983.2;3128.9;650.6;13153.9;46741.4;6992.5;3631.1;5938.3;2056.9;3825.7;1550.1;680.2;3696.9;56.0;1235.5;0.0;2108.8;0.0;0.0;23.3;0.0;0.0;270.5;674.7;414.8;397.0;419.4;843.0;
535;5923.8;711.1;13121.5;39710.2;5985.3;3644.0;6243.3;1704.9;1001.8;1569.8;18035.4;3207.2;1556.4;494.1;645.6;3471.0;201.3;978.6;4483.9;486.9;13058.1;37549.0;6272.6;3877.6;6287.7;1632.4;3636.0;1724.9;703.0;3789.9;137.8;1321.4;0.0;1433.7;0.0;0.0;10.6;0.0;0.0;258.4;634.1;369.5;316.7;347.7;555.8;
536;6073.6;260.9;10382.7;37599.1;6253.1;3211.8;5266.5;1546.5;582.3;854.2;18090.8;3677.7;1618.9;604.2;693.8;2979.9;106.8;1107.7;5702.0;220.3;11620.2;39401.2;5933.0;3531.8;5578.1;1460.0;4096.1;1865.9;648.7;3399.7;144.8;1616.0;0.0;1229.4;0.0;0.0;17.7;0.0;0.0;300.8;765.2;490.2;449.3;483.8;995.4;
537;4101.0;246.7;7925.2;28420.3;5438.7;2540.9;4373.7;1108.4;662.0;1076.0;13205.4;2532.9;1401.9;479.6;510.4;2454.8;80.5;798.6;4249.6;455.3;8433.4;32172.1;5531.1;2795.3;4985.9;965.9;2470.5;1575.4;564.1;2652.3;91.0;1240.3;0.0;1479.1;0.0;0.0;15.5;0.0;0.0;113.0;639.4;376.9;343.1;505.2;624.3;
542;4006.4;369.7;11460.6;40581.2;5736.5;4046.7;5958.5;1440.3;522.8;1358.3;14976.4;3382.3;1734.4;694.5;749.6;2816.5;77.0;989.9;5250.6;174.0;11644.6;41154.9;6063.8;4180.5;5976.8;1433.3;3642.4;2108.1;933.9;2805.8;96.6;1203.3;0.0;1409.4;0.0;0.0;18.4;0.0;0.0;225.0;765.0;463.1;348.6;354.3;693.5;
544;8134.0;362.0;9637.0;37553.0;4172.0;2615.0;5889.0;1425.0;986.0;1723.0;13658.0;3017.0;1440.0;866.0;630.0;2742.0;113.0;1214.0;6720.0;268.0;9427.0;37821.0;5137.0;2630.0;5347.0;1384.0;3025.0;1278.0;826.0;2930.0;22.0;1345.0;0.0;2070.0;0.0;0.0;71.0;0.0;0.0;269.0;752.0;414.0;359.0;378.0;796.0;
545;7003.0;495.0;12517.0;41035.0;5392.0;2835.0;5705.0;1430.0;934.0;1257.0;16989.0;3164.0;1616.0;794.0;651.0;3135.0;191.0;1296.0;4756.0;336.0;12912.0;43034.0;5840.0;2981.0;5215.0;1247.0;3365.0;1581.0;887.0;3253.0;109.0;1388.0;6.0;2114.0;0.0;0.0;12.0;0.0;0.0;268.0;533.0;309.0;294.0;312.0;696.0;
547;3701.6;136.2;11253.6;39158.3;6023.7;2913.9;4921.4;1326.8;741.8;1111.2;17521.5;3226.3;1188.9;660.2;390.0;2982.4;93.4;917.9;2597.3;279.4;10792.7;40353.6;5766.2;3006.7;5281.9;1552.6;3739.0;1493.2;480.8;3259.3;94.5;1765.8;0.0;2712.7;0.0;0.0;45.4;0.0;0.0;95.5;702.2;360.1;449.0;370.2;618.9;
548;5204.1;93.2;12335.7;41929.6;6457.8;3643.0;7377.9;1959.2;512.6;559.0;18808.7;3447.3;1748.4;567.6;1202.6;3503.0;118.8;1013.0;3192.9;160.2;13138.6;41226.5;7052.2;3961.2;6969.3;1980.9;3457.2;1549.4;1065.2;3786.2;111.8;1334.2;0.0;1866.1;0.0;0.0;34.7;0.0;0.0;152.6;963.0;508.8;505.9;564.8;917.4;
549;3580.0;127.9;10886.0;28558.7;6247.1;3519.8;7264.7;2072.0;414.3;487.9;18394.7;3602.6;1471.6;470.9;1101.4;3678.8;306.2;1144.5;3091.2;78.6;11434.2;32204.5;6895.9;3856.5;7055.4;1828.8;3561.8;1800.9;959.5;4511.4;71.1;1214.3;0.0;2488.1;0.0;0.0;8.5;0.0;0.0;268.9;901.0;474.9;455.9;505.6;909.0;
552;6371.5;414.7;11993.2;37829.8;6358.6;3408.2;7307.8;1901.1;696.4;1397.1;17795.1;3669.4;1766.9;792.5;702.8;3752.4;166.1;957.0;4833.2;419.0;11679.0;39207.9;6625.2;3520.9;6508.8;1538.0;3896.5;1968.7;828.7;4035.8;138.8;1240.2;0.0;2400.0;0.0;0.0;27.0;0.0;0.0;271.6;809.3;459.2;410.9;364.3;833.0;
566;8915.7;467.0;10636.9;39572.5;5463.4;3576.3;5907.3;1506.5;1467.5;1654.3;16942.7;3192.3;1468.3;974.1;683.0;2739.2;8.7;1059.7;10349.5;195.6;11551.6;38758.1;5495.0;3693.2;5806.1;1514.0;3204.2;1427.4;673.3;3190.8;103.0;1367.9;0.0;1621.7;0.0;0.0;39.4;0.0;0.0;220.0;807.8;257.8;348.5;402.4;797.7;
568;10232.6;180.2;13088.9;40628.2;5870.0;3021.0;5605.4;1420.2;1247.4;1729.2;18145.5;3093.9;1620.6;1025.2;606.5;3515.6;58.4;1418.5;9242.1;390.1;12992.3;41747.6;6130.0;3348.2;4920.6;1052.7;3720.6;1687.3;631.6;3511.5;67.1;1507.2;0.0;1887.5;0.0;0.0;37.2;0.0;0.0;177.4;653.4;228.9;258.8;282.1;761.5;
576;7263.3;357.3;12630.8;37158.1;5255.9;3424.4;5483.5;1587.9;611.4;1284.1;16943.0;3325.2;1243.6;482.9;563.9;3045.2;56.4;1257.8;6607.1;319.2;12918.1;38294.7;5576.7;3602.2;5117.4;1479.5;3394.2;1165.2;653.9;3100.1;122.0;1333.5;0.0;1371.1;0.0;0.0;24.1;0.0;0.0;201.3;802.8;331.2;298.0;394.8;736.0;
577;3180.6;302.8;11032.1;37001.7;6065.8;3572.9;5758.6;1398.5;766.2;1730.5;16962.2;3613.8;1569.4;795.1;579.3;2932.0;85.1;1138.4;2824.0;190.6;11767.2;38642.8;5787.7;3639.9;5712.7;1209.1;3561.2;1953.1;721.0;3270.4;91.3;1283.8;0.0;1824.7;0.0;0.0;37.7;0.0;0.0;169.5;898.4;368.8;428.0;383.3;691.3;
579;16108.9;788.0;11025.0;40709.3;7829.8;4633.6;4998.7;1153.5;1578.9;795.6;17254.8;3976.6;1848.4;1112.0;764.8;3631.1;150.5;1479.6;13475.8;248.6;12060.9;42064.3;5724.0;4601.3;6419.2;1229.9;4415.1;2071.5;783.5;3279.6;226.1;1958.9;0.0;7695.4;0.0;0.0;34.8;0.0;0.0;237.2;486.9;251.0;290.9;285.2;485.6;
580;5032.1;178.2;10951.1;36149.9;5723.0;2675.5;5590.3;1330.4;831.0;1181.4;16220.7;3607.5;1689.1;817.4;698.7;2857.2;84.1;1198.8;5007.5;341.9;10852.7;37246.7;6072.8;2937.4;5373.8;1260.0;3420.6;1252.7;672.5;3089.2;85.5;1462.6;0.0;2002.2;0.0;0.0;19.0;0.0;0.0;229.9;1023.0;429.2;409.7;405.0;795.7;
592;2801.0;347.9;12351.8;48643.4;5713.7;2133.8;5516.7;1087.9;823.5;1790.2;17598.2;2981.8;1408.8;485.4;582.3;3092.0;100.8;979.4;2279.5;246.7;12347.9;45936.9;5786.2;2468.4;5648.1;1150.3;3046.9;1605.6;572.7;3391.5;97.0;1395.4;0.0;2982.4;0.0;0.0;37.6;0.0;0.0;236.2;529.6;209.7;236.4;344.6;667.4;
593;3911.3;180.1;10120.3;38254.8;6000.1;3200.6;4924.1;988.6;451.2;1274.8;15992.8;3210.2;1767.2;639.9;606.6;2648.0;99.6;1052.1;3492.3;333.6;11384.7;36762.7;5882.4;3612.0;5408.7;1139.9;3355.1;1478.6;682.9;2904.4;94.5;1248.1;0.0;1798.8;0.0;0.0;16.9;0.0;0.0;179.5;911.9;436.7;455.9;515.0;848.7;
595;9803.5;498.4;11394.7;39087.1;6319.0;3220.4;5038.6;950.7;1623.0;1493.8;15687.2;3196.2;1151.7;1037.4;567.5;2953.3;75.2;904.2;7275.2;492.4;11711.4;39021.3;5718.8;3419.8;4806.8;1411.3;3440.1;1302.8;550.8;3241.7;45.4;1250.2;0.0;2153.7;0.0;0.0;14.4;0.0;0.0;198.5;710.5;271.2;302.6;250.0;628.1;
598;8574.1;293.9;11889.9;40470.1;8251.7;3664.6;6021.0;2004.8;1131.8;1547.3;18696.7;3889.3;1198.9;1121.2;656.7;3131.3;84.7;1189.4;9063.4;191.1;12846.2;40873.3;8054.6;3736.3;7012.0;2354.1;3676.4;1478.7;647.5;4180.8;92.9;1666.0;0.0;6615.2;0.0;0.0;18.1;0.0;0.0;158.3;979.6;371.7;401.5;531.0;1081.7;
599;10322.1;171.3;13194.0;36203.2;6638.7;3696.7;6940.8;2008.4;1228.9;1288.7;19698.3;3776.8;1671.8;904.8;661.0;3406.3;118.0;1337.6;17485.4;529.4;14066.0;43617.0;6639.0;3994.8;6606.6;1693.1;3545.9;1707.0;695.3;3610.7;103.3;1531.9;2.1;2969.1;0.0;0.0;14.8;0.0;0.0;310.4;1080.4;391.7;472.2;468.2;997.1;
600;11166.4;157.5;14018.5;44214.8;6843.1;3719.8;6549.9;1733.9;1213.1;1144.8;20350.8;4116.8;2090.0;820.4;724.3;3723.4;66.2;1473.7;13243.6;302.5;14272.6;44746.9;6950.7;4107.8;6416.4;1792.6;4032.5;2155.1;735.9;4065.6;99.1;1893.8;6.3;3692.2;0.0;0.0;24.9;0.0;0.0;304.1;1066.6;377.0;471.6;467.0;1030.6;
602;4337.2;475.1;10945.3;40624.6;7704.0;3695.9;5587.2;1302.2;800.5;1455.8;16286.0;4070.7;1548.4;619.0;787.0;3266.3;58.4;1562.3;6309.9;597.6;11105.3;41594.9;6825.2;3898.3;6991.8;1426.6;4024.6;1719.5;615.6;3425.1;234.6;1586.9;1.3;2193.0;0.0;0.0;4.3;0.0;0.0;258.6;979.9;397.9;356.6;365.1;754.1;
610;12160.0;531.8;11024.3;41404.3;5897.0;2673.5;6436.3;1443.1;1098.0;1937.3;15570.9;3343.5;1758.7;1170.0;671.0;3140.7;123.8;1095.9;10968.7;541.7;11657.3;42383.5;5889.2;2902.1;6192.1;1355.0;3325.6;2184.9;664.4;3386.2;113.5;1635.8;0.0;2598.7;0.0;0.0;42.5;0.0;0.0;137.6;769.2;223.9;343.8;393.1;694.4;
611;9327.7;388.0;11337.5;40085.3;5661.5;2512.0;4781.7;951.4;926.6;1122.9;16920.6;3154.6;1140.0;581.2;672.0;3117.1;56.2;1076.1;7229.2;238.5;11148.2;37910.6;4972.5;2678.0;4781.4;892.4;2939.6;1146.2;595.3;3081.8;36.9;1236.1;0.0;1549.9;0.0;0.0;38.1;0.0;0.0;262.2;744.9;301.9;324.4;397.3;660.3;
615;5440.1;499.4;17095.3;51139.2;7834.7;3811.0;7364.5;2166.7;958.1;2712.2;25469.7;4179.2;1555.9;976.4;841.5;3869.7;163.5;962.9;4271.1;435.0;16982.2;53250.9;7509.6;4160.1;7477.9;1759.2;4645.3;1955.9;846.3;4195.4;268.4;1327.7;0.0;2206.0;0.0;0.0;14.7;0.0;0.0;393.4;885.6;450.8;522.4;497.8;969.4;
616;9882.7;262.1;11680.3;43526.8;6428.6;1804.5;4663.5;1162.6;1022.8;1400.6;17815.1;3399.8;1604.4;1000.3;629.6;3248.9;89.3;1090.1;7674.8;336.9;11795.5;43880.9;6350.3;2136.5;5347.6;1181.6;3421.2;1575.1;577.4;3250.7;79.2;1219.1;0.0;1678.6;0.0;0.0;25.3;0.0;0.0;284.9;856.4;434.9;321.6;469.4;738.8;
619;4811.9;388.9;10334.5;41103.9;5281.9;3396.8;6124.6;1583.1;562.7;681.5;14747.0;3260.6;1648.7;706.7;807.3;2956.3;107.4;851.8;4141.8;289.0;10309.7;41999.4;5719.5;3487.0;5854.1;1360.1;3329.8;1447.3;856.9;3024.8;110.1;1323.3;0.0;2146.4;0.0;0.0;26.6;0.0;0.0;182.8;1075.6;512.7;459.8;480.7;882.5;
623;5456.8;227.9;12723.5;49334.7;6856.2;3120.0;6166.7;2151.2;643.6;1225.5;19952.1;3992.3;1657.2;781.4;796.1;3654.1;86.6;1407.5;5405.3;391.6;13113.2;46808.7;6994.0;3266.4;6178.9;1443.2;3984.6;1685.2;866.3;3879.1;191.4;1547.9;0.0;2340.5;0.0;0.0;40.3;0.0;0.0;264.3;1330.5;589.6;573.4;615.3;1129.9;
625;4316.0;460.6;11561.1;39179.9;6801.4;3046.5;6454.3;1425.7;741.9;1336.5;18360.5;3893.7;1531.2;1000.5;766.7;3128.8;218.3;1130.0;3410.9;182.3;12231.4;40358.1;6325.7;3442.9;6230.8;1284.3;3860.3;1695.2;827.8;3367.1;158.6;1342.3;0.0;1191.1;0.0;0.0;7.5;0.0;0.0;250.3;931.3;348.6;437.5;372.0;744.2;
630;9887.9;737.7;10360.2;42182.7;5649.6;3172.0;5018.4;1272.0;1579.1;972.3;16586.2;3046.8;1536.9;892.5;556.4;3006.7;167.9;973.6;7440.1;330.1;11058.3;44083.5;6022.9;3634.9;5105.9;1111.7;2847.4;1909.4;600.3;2845.3;91.3;1505.5;0.0;2380.6;0.0;0.0;21.0;0.0;0.0;210.6;689.5;297.1;284.5;280.2;547.8;
631;3945.4;334.5;14599.1;44325.0;6999.1;4102.1;6242.7;1128.2;623.7;1245.2;19648.9;3877.2;1526.3;869.5;710.8;3431.5;178.3;794.6;2846.3;519.9;14441.7;45321.9;6768.4;3737.9;6154.0;1444.0;3928.9;1963.2;797.1;3595.9;56.2;992.3;4.7;2148.2;0.0;0.0;17.4;0.0;0.0;230.5;838.1;386.2;408.8;402.3;719.5;
645;6486.4;512.3;11706.9;35035.1;6008.1;3258.0;7119.2;1666.9;619.1;2274.6;19174.3;3756.0;1740.5;705.9;576.6;3527.2;60.4;1170.8;6482.4;159.8;12329.1;38307.1;6411.4;3616.0;7825.5;1691.4;3978.2;1699.3;636.1;3671.1;166.2;1540.9;0.0;2587.2;0.0;0.0;17.4;0.0;0.0;281.4;829.2;408.9;319.0;362.8;725.9;
650;14817.9;181.0;10848.0;38398.7;6461.2;3963.0;5954.6;1768.4;1053.4;2151.4;18696.1;2523.7;1266.6;970.8;767.4;3245.4;95.4;1149.8;9817.8;283.8;12315.5;41776.5;5707.3;4352.4;5810.8;1534.5;3666.4;1677.6;747.3;3568.8;67.1;1697.5;0.0;2147.5;0.0;0.0;46.6;0.0;0.0;234.5;937.9;337.6;416.8;478.0;885.8;
651;6786.4;408.1;14208.3;47637.2;6283.9;3483.2;5962.5;1944.2;1310.3;1330.8;20643.0;4051.8;1454.7;686.4;780.3;3795.9;93.5;1109.2;6978.2;151.6;14943.5;46873.1;6260.0;3439.8;6016.7;1445.4;4015.5;1819.2;763.0;4065.6;155.4;1450.7;0.0;1513.6;0.0;0.0;52.9;0.0;0.0;276.5;981.3;530.0;406.2;422.6;736.8;
662;4149.0;210.8;13504.1;43219.8;7159.1;2952.5;7036.8;2155.6;1221.6;1548.7;20596.6;4129.7;1320.9;903.9;1036.6;3737.9;54.0;1330.7;3686.2;390.2;13712.3;43805.6;6619.8;3373.5;6782.5;1988.7;4181.0;1682.4;818.4;3990.0;65.2;1669.8;0.0;3209.2;0.0;0.0;32.3;0.0;0.0;169.4;795.2;395.9;441.9;363.9;809.5;
665;12673.9;650.2;11208.8;39229.7;6556.3;3426.7;6071.3;1734.6;1388.3;1799.9;17209.7;3371.1;1613.5;1141.8;731.4;3124.9;432.7;1085.8;12719.9;535.0;11916.4;39519.4;5916.2;3802.2;6053.0;1502.2;3467.6;1702.5;789.4;3323.4;223.3;1374.9;0.0;2273.8;0.0;0.0;41.7;0.0;0.0;272.7;853.2;344.1;383.3;352.2;827.9;
670;2290.5;148.6;10254.0;38322.5;5981.7;3307.2;6273.4;1868.6;763.6;2048.0;15023.7;3534.5;1572.2;540.9;675.4;3131.9;134.3;951.0;4629.8;266.5;10797.7;38658.7;6045.7;3821.7;5306.0;1863.9;3428.7;1519.4;645.4;3519.0;38.1;958.9;0.0;1974.6;0.0;0.0;10.0;0.0;0.0;187.2;800.2;426.6;340.6;338.7;522.2;
675;4283.2;285.6;14404.3;45236.0;7050.6;2914.3;5511.2;1536.3;457.3;1014.3;20333.2;3746.2;1447.3;466.5;757.3;3711.0;124.2;1144.9;4579.7;286.7;13476.5;45188.4;6773.6;3237.6;6495.0;1130.1;3783.4;1491.3;705.1;3866.0;211.6;1591.2;0.0;1388.6;0.0;0.0;18.9;0.0;0.0;281.3;949.4;411.8;383.4;421.3;839.4;
678;8716.2;613.5;12650.2;27481.6;6384.2;4335.5;7562.0;2034.2;1469.5;2878.1;20495.0;4346.8;1764.6;1046.9;812.7;4024.0;88.0;956.5;5855.8;345.0;13112.5;30851.7;6204.4;4077.4;6933.3;1825.4;4441.1;2494.7;931.0;4540.7;74.6;1308.5;0.0;2267.2;0.0;0.0;20.9;0.0;0.0;258.4;632.8;294.4;329.8;338.6;632.8;
684;6903.7;273.6;11895.3;45594.7;6248.4;3256.2;6519.8;2305.8;884.4;1574.6;18886.1;3925.5;1429.7;743.9;704.3;3258.9;52.0;1075.1;5394.0;223.7;11602.5;43546.7;6589.5;3589.0;6617.0;1801.4;3981.9;1588.4;935.0;3564.2;296.6;1470.5;0.0;1750.1;0.0;0.0;17.4;0.0;0.0;240.5;742.9;392.4;326.0;343.4;720.5;
686;13820.1;484.7;13183.7;45376.3;7782.2;3975.8;6727.8;2184.1;1087.4;697.7;20043.9;3927.6;1541.9;876.2;795.8;3755.5;99.9;1411.8;12439.1;374.9;13698.7;43457.8;8057.4;4094.5;6103.5;1973.9;4059.9;1552.2;706.2;4058.7;145.6;1671.4;0.0;3070.8;0.0;0.0;32.5;0.0;0.0;249.9;960.3;319.4;397.3;441.5;1029.9;
689;3907.1;200.6;12283.1;38507.6;7771.0;3136.7;5918.0;2213.0;655.7;1790.8;19766.1;3451.0;1608.8;669.5;813.6;3523.5;89.8;1023.1;2309.2;485.7;13218.9;38920.9;8118.2;3457.7;6229.6;1620.4;3417.5;1626.0;760.4;3713.7;72.4;1204.0;2.0;1569.9;0.0;0.0;11.2;0.0;0.0;260.1;877.8;393.2;498.8;474.6;771.9;
691;5490.1;475.3;14065.7;46010.2;7331.0;4086.9;5155.7;1147.1;1081.1;1433.3;18324.6;3880.5;1548.2;671.9;831.2;3564.8;79.5;1085.1;6805.2;457.5;14036.7;45045.4;6510.0;4526.3;5679.6;1481.4;4012.2;1837.2;839.8;3518.2;58.3;1549.1;0.0;1195.9;0.0;0.0;12.4;0.0;0.0;276.8;874.8;354.1;350.0;359.1;699.9;
694;4457.7;341.2;12803.0;40948.2;6605.2;3542.1;6623.8;1812.1;1010.5;1855.4;18370.3;3786.7;1708.7;703.5;936.4;3209.0;138.5;819.5;3116.7;287.8;12752.8;43216.6;6678.0;3758.1;6239.6;1437.6;3992.1;1853.3;846.4;3742.5;210.2;1230.5;0.0;2187.6;0.0;0.0;29.8;0.0;0.0;204.9;923.5;320.3;343.5;436.6;791.3;
696;8503.6;173.2;12425.6;43185.7;6803.3;4387.7;5871.5;1817.3;1063.8;1514.0;18521.0;3384.3;1485.1;1057.9;1131.5;3577.3;52.8;1224.1;7814.8;122.4;12189.4;43543.9;6902.1;4843.0;6309.9;1324.0;3136.2;1576.3;931.3;3811.4;185.6;1739.1;0.0;2327.8;0.0;0.0;42.2;0.0;0.0;157.0;732.1;251.5;373.5;353.1;810.7;
712;6655.5;167.9;12052.1;45638.6;6205.6;3418.7;6739.5;2043.8;1034.1;1625.1;17381.2;3940.9;1585.8;887.8;627.4;3571.6;78.7;1119.8;6336.0;361.5;12229.4;46316.0;7023.9;3440.7;6792.5;1603.5;3445.6;1417.9;565.5;3354.6;56.9;1364.6;0.0;3072.9;0.0;0.0;53.4;0.0;0.0;273.2;787.5;427.8;358.3;385.1;753.4;
715;10380.3;325.1;12146.3;44333.4;6594.2;3578.8;7014.7;1838.6;994.4;2087.8;19810.9;4615.7;2013.1;907.2;985.3;3594.9;71.6;1255.3;5728.7;360.3;12079.1;43424.7;6857.8;3952.2;6686.0;1462.7;4586.8;2111.9;915.0;3810.7;210.9;1499.1;0.0;2140.4;0.0;0.0;19.7;0.0;0.0;303.2;852.1;336.8;382.2;407.8;798.0;
734;2559.5;196.4;13500.1;38678.9;6240.3;3100.2;5519.8;1725.1;612.8;840.9;19112.3;3772.1;1412.1;577.8;686.9;3716.3;104.2;983.1;2397.7;241.9;13720.2;39050.0;6627.6;3642.4;5123.0;1561.7;3400.7;1391.1;701.3;3895.2;191.3;1602.2;0.0;2054.2;0.0;0.0;26.1;0.0;0.0;288.6;696.8;273.6;627.1;770.1;791.9;
739;3444.6;348.8;13091.7;38674.0;5374.8;3238.4;6431.8;1522.4;784.6;1356.0;17770.4;3668.1;1497.3;1398.6;885.6;2630.4;73.4;849.4;3381.8;353.8;13425.5;42523.7;6521.0;3800.3;6824.4;1734.5;3964.3;1692.3;787.8;3168.0;239.8;1076.9;0.0;1628.1;0.0;0.0;9.7;0.0;0.0;213.8;661.3;345.6;411.9;474.7;794.5;
752;4083.4;165.1;12842.0;39504.1;6244.3;2957.6;6673.3;1471.7;595.4;839.0;16427.7;4068.6;1355.0;781.9;819.5;3044.7;72.1;1107.8;3750.6;295.2;12420.8;41317.9;5778.4;3347.1;6256.1;1282.1;3980.6;1501.1;671.5;3656.7;63.8;1212.6;0.0;2051.8;0.0;0.0;20.3;0.0;0.0;167.9;714.9;368.3;468.0;421.6;764.7;
754;8058.2;227.1;11569.9;38674.8;7362.8;3765.0;6448.0;1880.6;611.6;1082.1;18497.7;3771.1;1845.3;1042.4;890.3;3702.2;223.5;1210.8;8420.4;121.9;12014.5;39232.4;7736.4;4171.5;6119.3;1468.4;3990.2;1859.5;886.0;3820.0;259.8;1690.3;0.0;1622.6;0.0;0.0;11.3;0.0;0.0;226.1;926.2;388.8;369.8;491.1;884.9;
761;3838.9;229.0;13129.9;41921.8;6167.2;3344.8;6235.1;1525.8;1130.5;1055.1;17095.7;3365.3;1256.8;827.7;482.8;3091.1;74.9;1020.6;3509.0;257.4;12804.1;43215.5;6447.3;3642.5;6282.7;1577.6;3188.7;1414.4;610.4;2919.5;145.0;1074.9;0.0;1847.1;0.0;0.0;11.2;0.0;0.0;137.0;788.0;398.0;313.7;328.8;583.8;
765;10981.0;637.0;8108.0;26240.0;5136.0;2773.0;5373.0;1682.0;1081.0;2630.0;13512.0;2578.0;1367.0;723.0;663.0;2718.0;276.0;988.0;17733.0;836.0;7981.0;27671.0;4944.0;3000.0;5469.0;1278.0;2652.0;1495.0;715.0;2766.0;178.0;1249.0;0.0;2594.0;0.0;0.0;30.0;0.0;0.0;182.0;446.0;198.0;235.0;275.0;669.0;
769;16311.0;449.0;12990.6;44389.7;6316.2;3626.6;5863.3;1860.9;1629.1;1305.5;19177.7;3797.7;1720.4;1139.4;728.9;3766.4;104.5;1079.7;15586.5;373.5;12722.2;41901.3;6464.9;3865.8;5511.7;1615.6;4073.5;1917.5;809.7;3889.3;193.8;1551.9;0.0;2211.7;0.0;0.0;26.0;0.0;0.0;263.6;954.0;340.9;425.2;451.0;907.9;
783;3116.2;391.2;11829.6;36923.3;5503.7;4156.5;5692.4;1691.1;601.1;1486.9;16979.9;3456.0;1631.1;592.2;689.9;3222.0;145.1;1071.2;3104.6;512.9;12072.7;37497.9;5456.8;4347.9;5466.0;1343.4;3490.9;1957.9;648.8;3363.6;89.8;1080.7;1.7;1707.9;0.0;0.0;55.0;0.0;0.0;181.4;867.0;408.6;359.0;350.6;700.8;
784;2028.7;191.0;13768.9;45644.7;6188.3;3301.3;6843.5;1801.3;822.2;1774.7;18571.2;3636.0;1584.2;575.6;880.5;3360.3;44.3;1074.1;2218.2;141.3;13883.3;46012.3;6096.2;3498.9;7008.1;1693.1;3539.2;1728.1;865.4;3830.8;78.2;1223.1;0.0;2827.0;0.0;0.0;24.4;0.0;0.0;168.2;721.0;348.1;412.6;329.9;715.2;
786;5073.2;521.3;11836.3;41053.9;5167.2;2515.3;6336.9;1564.2;680.7;1914.2;16521.0;2798.4;1403.5;808.4;520.6;2983.5;169.3;933.4;4907.3;205.5;11985.7;40160.1;5380.4;2862.4;5828.6;1470.7;2989.1;1840.1;533.5;3325.3;80.5;1257.4;6.1;1664.1;0.0;0.0;70.2;0.0;0.0;182.0;715.9;306.9;314.4;365.1;624.1;
789;18546.2;188.5;9761.2;36914.2;4990.1;2830.2;5774.5;846.5;610.1;1123.5;13458.6;3318.6;1555.4;518.9;672.8;2516.3;94.0;1412.6;7066.1;43.0;9539.5;38168.6;4430.6;2890.8;5798.5;1209.6;3740.8;1845.8;730.4;2890.6;102.1;1533.8;0.0;4601.9;0.0;0.0;34.1;0.0;0.0;199.0;375.3;153.9;137.3;154.5;387.1;
790;5000.8;346.7;12204.1;40303.3;6579.4;2765.1;5501.4;1813.5;879.5;1953.7;17406.2;3522.2;1676.1;562.9;790.2;2871.9;83.6;971.0;3379.7;248.5;12270.0;40872.6;6144.6;2888.7;5167.0;1539.0;3425.0;1901.1;779.7;3208.6;96.5;1427.6;0.0;1964.2;0.0;0.0;15.3;0.0;0.0;227.4;808.2;343.3;382.6;377.0;629.9;
791;7320.8;944.4;12440.1;41341.3;6429.5;3491.8;5480.5;1357.5;1103.0;1628.2;19648.7;3625.6;1727.5;961.7;625.2;3439.1;95.6;852.7;5587.0;236.9;13535.9;41628.4;6472.1;3429.3;6055.7;1012.7;3878.5;1663.3;750.2;3350.7;180.6;1245.3;0.0;1709.1;0.0;0.0;11.7;0.0;0.0;287.4;787.0;369.9;305.0;344.8;660.6;
795;4690.5;180.1;11506.7;38089.1;6471.4;3772.6;6208.8;1764.2;658.4;1651.9;18135.5;3474.9;1490.4;553.5;793.0;3521.2;72.2;1286.5;5130.6;269.9;11893.8;40167.6;6325.4;3860.0;5797.7;1738.1;3433.9;1348.2;947.9;3966.5;172.9;1309.6;0.0;1877.2;0.0;0.0;49.4;0.0;0.0;232.0;1050.4;353.7;392.3;429.0;853.7;
804;4185.9;254.6;12232.3;38148.2;6369.1;2810.7;5116.1;1139.1;671.3;812.4;19284.2;4081.9;1501.8;732.0;820.8;2914.8;76.4;919.8;3746.4;231.8;12252.8;39227.1;5850.2;3225.3;5642.9;1460.9;4056.4;1726.9;887.4;3380.4;168.9;1495.6;6.6;1671.7;0.0;0.0;26.5;0.0;0.0;257.0;786.1;331.7;492.0;608.2;645.4;
806;9709.3;856.1;13664.9;44341.8;7610.2;4287.9;7683.4;2020.7;1860.3;3580.3;19971.7;4228.4;2138.8;1140.2;790.0;3938.1;113.9;1259.0;9121.0;446.3;14110.7;44169.8;7714.5;4386.7;8080.0;1635.3;4294.9;2096.0;849.8;3845.7;220.4;1701.8;0.0;1647.5;0.0;0.0;21.4;0.0;0.0;241.3;873.0;382.7;387.3;451.7;920.4;
815;6875.1;220.5;11331.8;39954.4;6938.4;3668.0;6266.1;1523.0;793.7;2217.3;18005.0;3896.3;1744.4;750.2;635.4;3476.3;161.6;1220.4;7258.2;279.1;11760.5;41796.7;6251.0;4071.5;7246.1;1621.0;3947.3;2251.4;770.7;3601.5;205.5;1504.0;9.1;2208.4;0.0;0.0;20.8;0.0;0.0;282.9;901.6;351.9;426.9;333.2;780.0;
818;4068.6;396.1;12569.5;47688.2;6809.9;3856.5;6789.5;1693.0;745.9;1353.2;19497.5;3820.6;1886.3;667.9;719.0;3447.0;59.4;1005.0;5597.2;172.4;11608.6;46630.7;6409.1;4248.7;7028.5;1493.0;4102.8;2005.1;861.3;3911.7;159.6;1351.1;0.0;1543.2;0.0;0.0;24.3;0.0;0.0;268.7;863.2;413.3;372.9;408.8;816.0;
821;6933.6;526.9;11065.8;36293.2;6630.0;3098.6;7174.5;1749.1;1089.6;2147.8;17841.2;3217.3;1690.9;857.7;642.1;3560.4;65.9;1144.9;4406.9;364.1;11246.7;38078.2;7337.9;3264.8;5690.7;2134.5;3431.8;1506.2;690.3;3451.0;45.8;1205.2;0.0;3387.5;0.0;0.0;127.0;0.0;0.0;188.7;980.9;382.4;362.1;371.0;769.8;
829;4530.1;50.5;13032.5;41499.1;6963.4;3700.9;5502.8;1397.0;578.7;744.3;18163.3;3788.7;1650.3;643.5;857.7;3400.3;75.4;1290.7;5342.7;180.3;13797.6;42879.8;6980.7;4184.4;6104.3;1473.0;3421.4;1247.9;681.3;3452.0;105.8;1544.4;0.0;1581.5;0.0;0.0;14.0;0.0;0.0;191.9;833.2;465.3;397.1;383.4;737.2;
840;8333.9;535.2;11963.5;37642.3;6052.5;3414.2;6789.4;1813.7;815.4;2344.7;17922.5;3862.7;1531.3;794.0;757.4;3142.6;95.5;1254.7;6495.0;727.3;12970.7;38355.4;6111.5;3723.0;6449.3;1549.9;3455.2;1550.9;711.4;3722.7;56.4;1569.1;0.0;1410.2;0.0;0.0;32.2;0.0;0.0;182.1;815.3;505.7;494.1;560.7;901.9;
841;7804.4;592.8;12777.4;42299.2;6519.0;3763.5;5979.8;1692.6;960.4;1891.1;20021.9;3193.4;1244.8;721.1;890.0;3580.9;101.8;1097.7;6986.1;284.1;12913.1;44708.2;6662.7;3721.8;5824.4;1401.2;3600.2;1665.5;761.6;3742.2;105.5;1703.5;0.0;3514.2;0.0;0.0;57.1;0.0;0.0;288.7;936.0;399.6;520.7;504.8;930.3;
848;6947.6;948.9;11211.6;41098.6;6251.8;3700.0;7143.6;2074.3;822.3;1984.0;19026.7;3776.8;1812.7;791.6;736.3;3947.5;230.1;1048.0;4000.5;528.2;11104.2;39734.2;6762.3;3738.6;6466.0;1389.7;4219.6;1843.6;787.4;4021.0;284.6;1703.1;0.0;1710.9;0.0;0.0;21.1;0.0;0.0;331.9;881.1;446.8;401.6;447.3;725.5;
850;6063.0;605.8;10491.0;34586.3;5034.0;2493.6;4928.7;1196.5;615.3;1815.5;15823.0;2925.3;1267.2;729.8;434.2;3245.4;123.2;796.3;5535.6;595.8;10680.4;35163.1;5361.9;2835.0;4982.4;1114.6;3068.6;1412.0;528.6;3459.1;64.3;1217.9;0.0;3126.8;0.0;0.0;9.1;0.0;0.0;270.0;728.1;377.9;574.7;447.7;526.9;
861;3138.1;181.0;13827.9;39040.6;6945.0;3479.5;6692.0;2282.8;761.2;1955.9;19576.7;3827.3;1407.6;785.2;736.3;3345.8;42.1;1041.8;2522.2;162.0;13071.8;40872.8;7007.8;3661.3;6472.3;1659.4;4003.9;1640.7;806.7;3796.6;82.7;1349.1;4.6;2025.0;0.0;0.0;1.0;0.0;0.0;244.2;878.8;447.2;525.1;522.1;938.2;
863;2858.9;117.0;13993.6;44093.6;5489.8;3255.7;5732.2;1833.6;620.9;1322.3;18920.7;2975.8;1243.1;888.8;719.2;2995.0;107.9;1151.9;2550.1;329.2;13714.3;43085.8;5977.6;3648.3;5466.4;1728.8;3126.5;1200.7;618.9;3133.1;85.2;1134.2;0.0;1701.5;0.0;0.0;28.7;0.0;0.0;264.1;815.9;376.9;440.9;347.6;639.7;
868;2232.7;262.7;11307.2;34407.3;7752.1;3968.7;5765.8;1106.7;545.5;1193.8;17916.4;3952.7;1937.2;351.2;842.8;3168.1;37.5;1096.3;2084.5;185.7;12401.0;37694.0;6641.2;4067.5;6453.9;1460.7;4007.0;1832.1;886.0;3493.5;84.2;1252.0;0.0;2059.9;0.0;0.0;9.5;0.0;0.0;178.7;984.7;515.6;560.2;415.1;744.7;
869;3010.8;175.0;12074.5;35331.5;7620.7;3614.3;6151.2;1131.5;499.9;1547.9;17442.7;3738.6;1676.8;683.4;717.4;3295.4;112.4;1030.3;2826.8;333.7;13008.0;37796.2;7198.9;3732.7;5592.2;846.4;3554.4;1636.0;936.1;3545.4;119.5;1250.7;1.0;2431.2;0.0;0.0;60.6;0.0;0.0;103.4;834.8;376.8;430.5;400.4;743.0;
874;6337.2;381.6;12217.0;42022.4;7163.2;2940.8;6147.3;1769.4;1100.4;2733.9;17745.6;3845.1;1673.5;798.8;770.7;3315.0;112.2;951.8;7784.3;242.1;12865.1;44488.7;6700.4;3103.9;6053.2;1690.8;3766.7;1685.7;762.1;3773.5;102.6;1382.2;0.0;1974.7;0.0;0.0;17.5;0.0;0.0;229.0;810.1;362.5;308.2;372.3;682.8;
876;16433.2;661.0;10850.4;41698.4;6420.3;3467.9;6324.0;1617.4;1479.5;2277.7;17857.5;4202.5;1679.4;1055.7;765.7;3393.9;57.1;1624.5;10462.9;303.8;11220.8;43967.5;6344.4;3937.9;6016.8;1518.4;4171.7;1626.0;733.8;3616.5;226.8;1854.3;0.0;3042.4;0.0;0.0;20.9;0.0;0.0;227.9;761.0;243.0;274.4;287.4;620.8;
877;12597.0;730.6;13996.0;39232.4;7569.1;3775.5;6383.3;2026.8;933.4;2342.6;21899.2;3762.0;1798.7;782.2;879.3;3700.6;123.6;1318.9;10409.9;544.2;15513.2;45000.0;7774.0;4301.5;6882.3;1710.2;4393.8;2261.0;795.2;3926.7;150.4;1745.6;0.0;2234.9;0.0;0.0;74.7;0.0;0.0;275.6;863.4;327.7;368.4;392.9;898.0;
878;4648.8;285.1;13046.6;39130.3;6012.2;3613.5;6257.5;1443.3;562.4;1276.6;17806.8;3431.7;1525.7;844.7;853.0;3390.2;253.8;1161.9;5182.9;350.0;12904.4;39203.2;6306.7;3844.9;6140.8;1493.7;3693.3;2022.9;876.7;3667.4;387.0;1378.8;0.0;1804.3;0.0;0.0;49.9;0.0;0.0;261.0;897.6;414.0;414.8;460.3;989.8;
879;6931.5;484.6;12273.5;37195.6;6502.2;3697.5;6157.6;1739.8;866.4;1697.2;17875.9;3601.5;1919.6;769.6;880.9;3408.3;232.5;1347.9;12360.3;370.6;12249.0;38799.8;6720.4;4130.8;5875.8;1434.8;3755.9;2148.8;850.1;3574.9;205.2;1851.6;0.0;1877.7;0.0;0.0;33.2;0.0;0.0;197.3;944.2;375.4;439.2;455.6;993.1;
884;8558.4;327.5;11441.4;40793.0;6907.2;3225.9;6584.1;1930.6;863.3;1541.6;20153.2;3569.2;1726.2;1502.5;724.2;3715.4;88.6;1097.6;9252.2;246.5;11735.6;42303.7;6926.0;3334.5;6829.2;1718.0;3596.2;2037.8;774.4;3968.7;55.8;1358.8;0.0;1630.6;0.0;0.0;18.2;0.0;0.0;220.5;990.3;350.3;385.8;426.6;792.6;
891;5751.0;566.0;14032.0;47145.0;6479.0;3899.0;5911.0;2243.0;1237.0;1524.0;20726.0;3254.0;1683.0;1044.0;916.0;3614.0;176.0;1497.0;5447.0;460.0;14709.0;49028.0;6470.0;4058.0;6071.0;1699.0;3557.0;1966.0;887.0;4059.0;180.0;1380.0;1.0;2246.0;0.0;0.0;30.0;0.0;0.0;298.0;773.0;426.0;406.0;454.0;772.0;
892;3206.0;308.0;11583.0;38676.0;6417.0;4083.0;6297.0;1904.0;606.0;914.0;18196.0;3137.0;1934.0;708.0;631.0;3563.0;113.0;1337.0;2421.0;205.0;11718.0;38614.0;7015.0;4014.0;6349.0;1622.0;3535.0;1574.0;703.0;3659.0;139.0;1457.0;5.0;2718.0;0.0;0.0;12.0;0.0;0.0;322.0;991.0;550.0;460.0;522.0;915.0;
893;5805.0;645.3;13895.2;38619.1;7317.1;3410.3;6133.1;1788.5;606.2;1399.7;20378.2;3820.1;1617.9;770.2;670.3;3320.2;93.3;950.4;5376.2;722.9;13778.6;40622.3;7015.5;3539.1;5967.9;1327.0;4083.8;1535.3;779.6;3685.4;114.6;1481.2;0.0;1503.4;0.0;0.0;93.9;0.0;0.0;297.9;1052.8;413.2;411.3;497.3;974.4;
894;5255.3;360.2;13354.0;53697.2;6734.8;3571.0;6488.0;1632.5;853.4;2199.1;19924.0;3786.9;1522.9;739.7;829.7;3197.7;120.2;1058.4;4172.9;563.5;13218.8;54325.4;6427.5;3809.6;6745.6;1590.5;4002.6;1874.5;871.6;3973.5;124.7;1495.1;1.9;1957.8;0.0;0.0;17.8;0.0;0.0;222.5;740.9;333.7;351.4;395.9;748.5;
898;11259.0;200.0;11973.0;46907.0;5626.0;3233.0;5916.0;1636.0;1766.0;1330.0;17351.0;3899.0;1318.0;2587.0;916.0;3249.0;199.0;1420.0;8570.0;121.0;11987.0;49407.0;5865.0;3553.0;5658.0;1498.0;3849.0;1623.0;898.0;3496.0;135.0;1427.0;3.0;4040.0;0.0;0.0;84.0;0.0;0.0;254.0;651.0;260.0;229.0;268.0;628.0;
905;4068.2;246.6;10258.0;33642.3;5532.0;3353.2;5982.8;1547.2;816.9;1486.1;15336.1;3625.8;1276.2;632.9;887.7;2707.5;128.5;995.5;3824.1;260.6;10281.8;35147.1;5692.7;3656.1;5783.7;1300.5;3710.0;1569.1;734.1;2793.1;197.1;1022.4;0.0;1658.0;0.0;0.0;21.1;0.0;0.0;216.5;696.4;348.5;352.3;323.9;584.5;
906;4020.4;472.3;14872.9;41146.2;6278.0;3475.9;5944.0;1891.6;716.1;1547.5;19345.8;3902.4;1373.9;745.0;704.9;3965.4;93.5;1135.5;4018.2;362.1;15822.2;41667.1;6722.5;3600.8;6079.7;1561.7;3896.2;1514.7;800.8;3903.5;230.2;1342.5;0.0;1917.8;0.0;0.0;14.9;0.0;0.0;242.4;946.9;454.1;412.7;458.8;812.8;
912;9202.7;244.0;12723.6;39319.8;5794.2;4330.2;6984.4;1890.3;841.7;1540.5;18793.6;3767.2;1641.6;758.4;1111.7;3486.6;276.1;1707.0;9682.0;196.9;13438.8;42374.3;6106.8;4667.2;6844.2;1544.4;4089.6;1915.2;890.8;3466.4;113.5;1698.5;0.0;2259.7;0.0;0.0;42.1;0.0;0.0;346.5;777.8;344.4;408.6;388.0;723.8;
913;8568.7;187.4;13319.3;39332.7;5955.9;4292.0;7260.0;1852.1;832.3;1646.9;19194.3;3838.6;1580.4;842.4;945.2;3458.5;189.2;1411.1;8646.8;233.1;13971.0;39852.0;6471.8;4686.2;6866.5;1616.0;4420.4;2062.3;828.3;3448.8;148.8;1652.6;0.0;2111.2;0.0;0.0;30.5;0.0;0.0;159.3;833.4;366.2;382.2;413.1;815.5;
914;6659.7;237.4;12716.9;47678.0;6553.5;3915.1;7318.9;2011.8;1109.4;1447.0;19979.9;4040.9;1867.8;573.6;708.0;3803.6;83.7;1179.0;5954.7;272.7;13414.4;49382.2;6590.7;4097.3;7271.6;1587.4;4233.4;2025.5;757.9;4286.8;86.7;1586.5;0.0;1869.4;0.0;0.0;25.1;0.0;0.0;249.2;994.7;424.2;387.9;414.2;863.2;
918;7106.6;459.0;13676.4;44629.7;7432.0;4702.8;6606.6;1876.6;953.0;1393.2;20828.5;4201.5;1975.2;637.5;937.1;4125.1;81.1;1154.7;5876.8;236.2;14000.2;45196.2;7656.2;5112.5;5877.7;1890.9;4274.3;1422.4;888.6;4218.8;54.6;1402.5;0.0;1370.5;0.0;0.0;16.5;0.0;0.0;255.5;892.7;468.4;341.5;383.0;679.6;
928;12160.0;531.8;11024.3;41404.3;5897.0;2673.5;6436.3;1443.1;1098.0;1937.3;15570.9;3343.5;1758.7;1170.0;671.0;3140.7;123.8;1095.9;10968.7;541.7;11657.3;42383.5;5889.2;2902.1;6192.1;1355.0;3325.6;2184.9;664.4;3386.2;113.5;1635.8;0.0;2598.7;0.0;0.0;42.5;0.0;0.0;137.6;769.2;223.9;343.8;393.1;694.4;
934;4171.5;465.3;9672.7;37436.4;6116.3;2846.4;5663.5;1560.9;629.2;1918.6;18096.1;3094.5;1393.5;797.8;750.1;3265.3;93.6;1064.5;4178.2;734.0;10140.3;37159.9;6618.1;2899.6;5352.9;1308.0;3247.5;1161.8;513.8;3436.4;52.7;989.4;0.0;1829.1;0.0;0.0;43.1;0.0;0.0;191.7;700.9;328.6;432.2;388.0;651.4;
935;7601.5;624.2;12516.3;40919.8;6548.3;4514.3;6736.7;1642.1;667.6;1268.2;17804.2;4200.6;1892.3;890.9;671.4;3093.3;204.2;1033.2;6210.3;255.8;12649.2;41615.2;6670.3;4490.5;6639.8;1609.6;4239.4;1868.9;701.5;3536.6;206.5;1632.0;0.0;1802.8;0.0;0.0;53.0;0.0;0.0;158.3;908.6;379.6;409.7;380.5;822.4;
939;5409.6;427.8;9789.8;42308.0;5761.1;3515.0;5082.7;926.6;533.6;809.1;15416.5;3339.7;1345.9;608.0;622.1;2990.2;139.6;1067.3;5659.5;173.1;9893.9;43487.6;5971.6;3557.6;6168.7;1204.0;2958.3;1139.8;690.6;3161.0;108.8;1071.3;0.0;1963.4;0.0;0.0;12.9;0.0;0.0;185.8;847.4;494.0;618.8;712.4;819.0;
940;6039.5;659.9;10615.1;36572.8;5053.8;3260.4;6023.7;1614.0;1220.3;2402.7;17357.7;3208.6;1576.6;805.5;611.4;2917.9;76.7;1019.4;5606.3;499.4;11035.5;40202.5;5212.9;3522.2;5018.1;1148.1;3028.9;1421.3;675.3;3090.0;18.0;1297.0;0.0;2001.9;0.0;0.0;44.8;0.0;0.0;193.9;547.8;256.0;303.8;301.9;536.1;
942;4280.4;555.2;14452.4;48831.5;6977.8;3672.6;6919.3;1920.9;801.5;1990.4;20536.8;4038.4;1360.9;958.0;737.9;3537.1;120.7;1024.9;4371.3;242.6;14720.0;49197.2;7413.0;3972.0;7004.7;1713.5;4197.1;1746.8;804.6;3720.0;240.1;1570.0;0.0;1974.6;0.0;0.0;70.8;0.0;0.0;265.1;930.8;362.3;381.9;436.9;879.5;
953;5612.0;408.0;11813.0;34138.0;5639.0;3812.0;5595.0;1871.0;557.0;1304.0;15721.0;3536.0;1678.0;1001.0;690.0;3089.0;101.0;1346.0;6559.0;408.0;11413.0;35118.0;6218.0;3930.0;5540.0;1623.0;3666.0;1539.0;824.0;3627.0;83.0;1438.0;0.0;1815.0;0.0;0.0;15.0;0.0;0.0;258.0;892.0;437.0;421.0;466.0;906.0;
954;5342.3;229.6;10037.5;31223.7;5600.1;3138.3;5485.9;1190.1;406.9;1249.7;15373.3;3432.3;1540.2;482.4;658.9;2917.2;101.6;934.4;3194.7;621.5;10124.8;34105.1;5773.1;3182.1;5410.6;1543.5;3608.4;1364.6;673.1;3332.2;73.3;1098.2;0.0;1737.9;0.0;0.0;13.0;0.0;0.0;273.4;796.8;358.7;389.5;448.5;747.9;
966;12051.3;563.8;13354.3;49189.3;6172.0;3792.4;5879.7;1856.8;864.3;2239.5;18166.7;3528.3;1568.0;681.1;746.1;3773.6;58.9;1204.5;8019.8;366.6;13493.2;47032.9;6827.3;4017.1;5477.2;1611.4;3845.3;1860.2;764.6;3677.7;103.1;1575.9;0.0;2413.6;0.0;0.0;45.9;0.0;0.0;290.7;856.6;338.2;345.1;407.4;775.8;
971;6709.9;544.4;13676.3;41244.1;6498.5;3616.3;5189.4;1559.8;831.5;1665.4;18404.4;3498.8;1369.7;580.5;611.6;2960.6;164.7;972.9;6921.0;356.4;13073.5;39141.1;6296.8;3833.8;5336.4;1422.7;3653.3;1294.4;657.5;3330.9;91.0;1264.3;2.7;1703.1;0.0;0.0;19.6;0.0;0.0;292.3;1024.4;391.0;365.8;448.9;791.7;
982;12114.1;715.3;13775.7;43647.2;7389.6;3989.4;7123.2;1994.1;1605.4;1948.7;21276.0;3989.7;1945.4;884.2;855.8;3755.8;133.4;1288.0;13936.9;693.4;14875.4;44174.4;7215.6;4147.9;7530.6;1517.7;4157.8;2384.9;813.9;4139.4;97.0;1750.8;0.0;2385.9;0.0;0.0;43.2;0.0;0.0;319.1;878.7;372.2;400.5;478.3;861.9;
984;4609.0;452.8;12397.9;38840.6;6457.6;3765.4;6273.5;1788.7;759.5;1388.6;18050.2;3776.3;1836.0;728.2;773.9;3506.4;171.9;1086.5;3891.4;228.4;12879.6;39792.2;6817.5;4038.9;6486.2;1424.9;4061.5;1620.9;752.8;3664.9;147.8;1421.2;0.0;3035.4;0.0;0.0;54.2;0.0;0.0;236.7;684.8;479.6;381.3;407.7;789.9;
992;8220.0;689.0;14047.0;41109.0;6095.0;3693.0;5621.0;1814.0;369.0;737.0;18593.0;3072.0;1310.0;383.0;601.0;3439.0;84.0;1146.0;7264.0;452.0;14963.0;43367.0;6363.0;3757.0;5716.0;1595.0;3356.0;1638.0;671.0;3619.0;107.0;1319.0;0.0;2341.0;0.0;0.0;23.0;0.0;0.0;338.0;1165.0;343.0;375.0;372.0;820.0;
994;3811.9;322.7;13168.2;40242.5;8755.0;3204.9;6375.7;1959.0;798.0;1693.2;20142.3;4274.9;1204.0;1702.1;569.6;3991.5;174.7;1348.2;3162.8;109.0;12947.0;37919.1;7027.9;3274.5;6730.7;1424.1;3675.6;1790.3;626.0;4069.6;228.3;1735.4;0.0;6190.8;0.0;0.0;60.5;0.0;0.0;175.9;784.7;308.5;317.1;440.7;721.5;
996;7239.3;302.6;13250.7;46208.2;7316.8;4070.5;6838.1;2211.2;1001.8;1210.1;21678.1;4134.0;1934.4;1002.0;733.2;3594.6;99.2;1223.4;5481.8;358.6;14644.0;49898.7;7033.5;4375.1;7116.5;1613.2;3984.7;1998.4;916.3;4066.4;156.5;1545.4;0.0;2562.5;0.0;0.0;32.9;0.0;0.0;286.9;912.0;346.9;391.2;409.0;768.4;
1005;4705.5;669.3;11271.4;36235.3;6447.0;2605.8;5623.4;1553.4;740.8;2024.3;16564.9;3248.6;1405.8;917.6;529.2;3172.0;99.1;1009.2;4349.6;388.4;11208.2;35706.6;6482.3;2932.2;5134.0;1177.5;3291.8;1235.5;678.7;3420.1;128.3;1289.1;0.0;1271.6;0.0;0.0;13.8;0.0;0.0;265.1;733.7;397.9;454.7;442.7;762.8;
1006;4955.6;464.6;12324.3;43924.7;7128.6;3238.8;6031.5;1947.1;718.4;1579.7;18350.5;3849.0;1450.4;929.3;803.1;3202.5;88.7;989.3;6889.9;417.1;11970.9;45506.1;7391.3;3732.0;6245.3;1615.3;3871.7;1979.7;692.8;3827.7;100.3;1408.3;0.0;1980.1;0.0;0.0;21.2;0.0;0.0;238.1;944.2;412.3;384.3;432.5;771.8;
1021;3167.9;379.3;11645.3;38484.4;6316.0;3393.4;5908.1;949.2;720.3;1714.3;17062.5;3740.3;1677.8;694.7;814.6;2734.1;66.7;894.4;2932.9;306.1;11235.1;41815.4;6230.7;3978.1;6126.7;1323.8;3628.9;1792.1;759.0;3149.4;110.4;1285.1;0.0;1210.8;0.0;0.0;37.8;0.0;0.0;246.2;944.7;473.2;567.0;631.7;753.9;
1026;3457.8;168.9;10920.4;36651.2;5374.8;3194.0;6163.1;1674.6;668.9;1660.4;16258.0;3798.0;1372.0;764.3;675.4;3066.8;237.3;990.7;3932.3;121.0;11414.5;36997.2;6096.4;3365.9;5427.2;1074.4;3666.1;1537.9;797.3;3161.1;58.1;1280.3;7.6;1394.1;0.0;0.0;19.3;0.0;0.0;221.4;799.3;392.3;375.5;362.4;709.7;
1039;6047.0;302.0;10570.0;42860.0;5950.0;3751.0;6187.0;1597.0;675.0;2064.0;15798.0;3629.0;1935.0;787.0;1052.0;3195.0;169.0;1187.0;4627.0;383.0;10838.0;41666.0;6635.0;3642.0;5826.0;1418.0;3608.0;1735.0;961.0;3408.0;171.0;1303.0;0.0;2015.0;0.0;0.0;16.0;0.0;0.0;229.0;640.0;401.0;433.0;446.0;674.0;
1049;2909.6;253.0;11727.0;40608.7;5977.9;3156.9;5773.9;1759.2;535.6;1444.6;18225.3;3554.3;1570.0;801.0;730.0;3307.5;275.1;994.1;2542.7;296.4;12545.1;42183.5;6524.6;3445.7;5513.1;1628.6;3625.4;1393.7;727.9;3709.0;103.8;1031.1;2.0;2223.8;0.0;0.0;33.9;0.0;0.0;247.5;772.2;325.1;417.8;363.2;759.3;
1076;4628.2;224.1;15891.1;46779.2;7676.6;4442.0;6704.7;2331.8;640.8;1575.4;24422.1;3956.6;1713.3;474.0;745.3;4335.2;110.1;1237.5;2865.3;382.4;16338.9;48701.2;7888.5;4505.7;6627.0;1642.8;4181.1;1969.5;770.1;4379.2;86.9;2029.7;1.0;3858.9;0.0;0.0;8.3;0.0;0.0;347.9;848.6;436.3;398.0;452.6;722.1;
1077;5767.1;284.0;10647.5;40107.5;6801.6;3353.9;5751.4;1282.3;807.6;1128.1;16824.0;4249.5;1908.2;823.5;789.4;3373.1;75.0;1011.2;5360.7;530.3;12287.3;42341.7;6867.2;3670.1;6228.3;1427.3;4252.6;2291.7;790.2;3705.7;95.2;1583.9;0.0;2122.1;0.0;0.0;26.2;0.0;0.0;293.8;682.4;359.0;365.7;362.9;820.5;
1212;6180.7;353.7;11484.1;39715.6;6618.3;3254.3;6068.1;1210.5;813.6;1208.4;17127.3;4395.6;1533.2;918.5;614.7;3157.1;126.2;1070.4;5353.9;308.6;11093.1;40411.0;5421.9;3045.0;5840.2;1143.7;4295.7;1974.0;684.2;3180.2;307.8;1542.4;0.0;2908.7;0.0;0.0;126.5;0.0;0.0;256.5;891.2;385.0;425.3;423.2;879.8;
1213;6919.6;295.0;15314.7;49853.4;7865.7;3650.9;6359.3;1466.8;881.5;1249.2;21947.8;4283.9;1264.0;1375.6;1032.2;3579.2;118.2;1394.2;6794.3;182.7;14852.3;52238.6;7388.1;4136.3;7136.2;1737.5;4386.2;1724.8;931.8;4102.0;103.8;1833.6;0.0;1949.6;0.0;0.0;31.2;0.0;0.0;171.8;1180.6;329.2;436.5;454.8;949.9;
1218;6306.1;405.7;14119.7;46300.4;7210.7;2977.0;6149.8;1674.5;1095.3;3387.4;19572.8;3894.4;1645.0;971.3;908.9;3096.9;85.7;1066.3;6904.3;559.9;14838.3;49899.8;6578.5;3426.8;6471.0;1456.3;3902.9;1981.3;778.0;3820.7;80.2;1361.1;0.0;2008.6;0.0;0.0;20.1;0.0;0.0;279.5;798.3;359.7;358.3;411.2;674.9;
1221;14238.7;489.9;10922.9;41092.3;6378.8;4003.0;6848.1;1898.4;1093.3;2616.7;17755.7;4387.7;1883.9;831.9;907.2;3240.4;125.4;1102.8;10481.5;152.0;12672.8;43837.8;6230.4;4439.5;6536.8;1704.3;4160.4;1910.0;772.2;3662.9;213.1;1829.5;0.0;1826.1;0.0;0.0;14.0;0.0;0.0;254.8;871.0;253.5;323.1;394.0;689.5;
1224;11145.4;515.9;13568.1;49522.5;6710.8;3486.4;6943.3;2092.5;1161.5;2219.1;23971.2;3427.5;1610.5;942.2;930.8;4344.7;45.1;828.9;7760.9;191.0;13691.9;50450.2;6696.5;3892.1;6614.2;2016.7;3911.1;1684.8;901.7;4386.1;54.6;1371.6;15.2;1583.8;0.0;0.0;69.0;0.0;0.0;288.1;1074.9;449.6;481.1;506.3;892.5;
1227;9627.6;826.6;8671.8;34306.2;5971.5;3094.5;5240.9;959.4;601.9;1994.7;14047.0;2999.9;1136.2;704.3;637.7;2626.7;165.2;980.8;8372.4;473.1;8660.9;33302.5;5911.7;3307.5;4810.6;1075.5;2798.1;1372.0;510.8;2930.8;25.7;1209.5;0.0;1717.9;0.0;0.0;18.7;0.0;0.0;227.5;683.5;256.0;327.7;326.4;702.4;
1232;8331.8;309.4;13987.2;43910.3;7008.9;4183.3;6692.0;1529.6;981.4;1265.3;18972.4;3216.2;1518.7;891.8;875.8;3550.0;143.1;1183.2;8064.6;322.8;14977.8;44270.1;6634.8;4559.1;6011.2;1818.5;3152.7;1449.4;851.5;3932.5;141.6;1238.7;0.0;1730.7;0.0;0.0;111.0;0.0;0.0;214.5;895.3;360.5;439.9;360.1;812.7;
1234;13379.6;444.2;14600.5;45699.5;7079.2;4657.6;5967.4;2001.2;1122.0;2522.7;22518.5;4431.5;1481.5;1310.0;708.7;4150.5;35.2;1533.8;12247.3;509.7;14962.5;49494.1;7292.3;4963.4;6263.2;1911.6;4565.6;1638.8;901.8;4450.8;131.4;2051.0;0.0;2167.0;0.0;0.0;36.2;0.0;0.0;326.0;1396.8;483.8;595.5;624.9;1292.7;
1237;21845.6;1073.0;14033.5;39755.6;9076.2;4568.3;7910.8;1756.4;1959.5;2387.2;21242.0;4056.9;2268.5;1653.4;874.8;4282.3;92.9;1477.8;17080.3;587.0;13223.2;37725.2;8852.6;4425.9;7900.3;1493.7;4222.7;2052.9;1052.4;4732.1;105.5;2644.4;0.0;2710.5;0.0;0.0;17.4;0.0;0.0;175.6;1253.6;424.2;462.4;520.0;1121.8;
1239;3323.3;354.4;13383.7;41635.9;8275.0;3886.8;6213.3;1363.7;618.3;1315.8;19262.4;3849.8;1871.0;685.1;831.9;3329.6;14.7;1009.7;3297.9;408.3;13636.5;42389.2;7490.0;4232.6;6845.3;1824.5;4081.6;2002.6;871.0;3894.6;160.3;1234.6;0.0;1694.0;0.0;0.0;32.6;0.0;0.0;269.6;1050.4;512.0;516.1;723.9;921.7;
1242;3010.5;535.7;11957.3;34057.7;7006.4;3081.0;5539.5;1176.0;513.2;898.0;17232.2;3148.0;1520.1;535.3;958.0;3248.1;113.8;803.6;1893.8;402.8;12258.0;35417.1;7375.6;3057.9;5765.2;990.4;3704.8;1602.1;730.1;3291.6;252.1;1234.5;0.0;2358.7;0.0;0.0;37.7;0.0;0.0;194.4;845.1;408.1;573.2;807.7;711.7;
1244;4214.5;580.0;11259.3;41270.2;6530.1;4490.4;6248.4;1749.8;1047.2;927.2;17938.0;3646.7;1589.3;727.2;742.2;3103.6;166.4;1138.9;4145.0;672.5;11466.5;41699.5;6694.0;4881.7;5269.9;1636.0;3447.4;1470.3;856.8;3330.3;67.9;1416.7;0.0;1623.0;0.0;0.0;17.5;0.0;0.0;274.1;741.4;385.4;334.6;378.4;675.7;
1247;8781.0;184.4;15982.3;50841.4;6967.1;4860.5;8053.7;2013.9;1066.8;2650.0;23719.5;4718.3;1848.5;911.1;816.7;3971.5;112.2;1505.2;7382.5;126.6;17375.8;55999.6;7033.4;4987.7;7775.2;1927.1;4953.3;2095.4;801.4;4381.9;238.9;1872.2;0.0;2942.8;0.0;0.0;42.2;0.0;0.0;263.0;920.8;348.3;376.5;521.4;1010.8;
1249;6819.1;255.2;13691.0;41087.2;7980.5;4069.3;7621.0;1812.7;754.6;1904.1;21204.7;3949.1;1986.9;800.8;1093.7;3717.1;149.0;1307.7;5442.7;156.2;12744.0;42506.1;8229.2;4373.1;7587.4;1720.0;4261.6;1884.3;966.1;4215.1;87.5;1511.8;0.0;2324.0;0.0;0.0;23.5;0.0;0.0;170.8;1058.8;457.5;482.1;458.4;983.5;
1251;9015.6;451.3;12507.5;48397.8;6200.6;4202.0;6399.3;1805.3;933.7;2323.3;20766.4;3203.7;1700.0;937.0;773.1;3363.2;92.1;1497.4;5969.8;161.1;12936.0;48635.8;6310.8;4461.6;6062.4;1526.9;3459.2;1816.7;787.5;3803.2;74.5;1447.5;0.0;1471.4;0.0;0.0;23.9;0.0;0.0;228.5;1049.9;494.6;434.9;572.2;939.0;
1253;6084.5;345.1;12341.1;41522.8;6078.1;3425.0;5447.1;1488.7;794.9;1839.2;17736.9;3361.7;1261.0;734.1;714.2;3037.8;105.7;1061.1;5576.1;178.4;11611.5;39630.7;6423.7;3701.3;5257.9;1425.3;3187.2;1590.2;685.1;3183.3;92.5;1107.6;0.0;1941.7;0.0;0.0;30.2;0.0;0.0;306.8;945.3;366.1;352.4;424.1;709.6;
1260;6414.0;471.5;13947.5;43801.1;7867.5;3724.8;7777.0;1697.7;614.0;1774.9;21547.5;3530.8;2001.7;602.4;784.4;3585.7;38.7;1313.7;5397.9;350.7;15371.0;45672.6;7280.9;3879.7;7537.4;2469.7;4143.4;1781.7;886.4;3893.1;84.1;1616.4;0.0;2448.3;0.0;0.0;17.5;0.0;0.0;216.2;920.6;516.7;438.1;462.9;933.4;
1262;2772.6;368.0;11920.3;44696.2;5672.5;3308.5;5915.9;1638.2;745.0;877.2;16029.8;3715.8;1769.9;431.4;538.8;3008.9;59.5;1224.4;2678.4;452.3;11723.0;44630.3;5590.4;3451.0;5622.4;1474.6;3641.8;1558.0;580.8;3018.6;55.6;1333.3;0.0;1702.6;0.0;0.0;13.3;0.0;0.0;263.1;842.4;383.5;398.3;367.9;723.3;
1265;3186.7;493.2;13236.7;40854.6;6487.5;3624.8;6561.1;2134.7;667.6;1416.7;20683.0;3332.8;1630.4;969.7;695.6;3477.8;164.7;1264.0;3079.5;463.4;12761.2;40811.5;6794.5;3869.3;6048.3;1700.4;3878.1;1155.1;681.4;3817.2;182.8;1379.5;0.0;1258.1;0.0;0.0;11.7;0.0;0.0;320.3;857.6;375.7;480.5;454.5;870.0;
1267;5170.5;146.7;14320.3;46283.0;7633.6;3576.5;7033.9;1401.8;869.5;1855.4;20001.0;4168.5;1742.5;698.5;805.9;3499.7;106.6;1453.7;4160.5;292.6;15020.1;48065.9;7356.1;3831.7;7019.2;1626.1;4493.5;1720.8;711.4;3834.8;106.3;1593.6;0.0;2055.9;0.0;0.0;21.7;0.0;0.0;265.0;911.1;456.8;469.0;407.1;826.8;
1268;3014.3;157.7;11857.0;39786.7;6386.0;3861.1;6854.8;1661.5;641.4;1013.8;19689.6;3683.9;1760.0;711.5;796.1;3396.8;81.1;984.8;3612.7;294.1;12230.1;41606.3;6644.5;3908.3;6499.9;1535.4;3721.2;1813.8;781.5;4044.0;96.7;1117.1;0.0;1616.2;0.0;0.0;12.3;0.0;0.0;284.3;1073.1;558.9;589.2;589.5;1021.6;
1269;4431.9;335.5;14069.2;44074.0;7322.7;3400.3;7575.0;2043.6;842.6;2178.5;21829.4;4245.2;1822.4;489.0;881.3;3776.0;143.3;1410.5;5274.2;247.8;14687.5;46369.6;7444.6;3671.5;7191.6;1946.4;4168.2;1836.8;862.0;4091.6;127.7;1827.3;0.0;1742.7;0.0;0.0;14.9;0.0;0.0;283.5;909.0;421.1;399.7;439.2;832.7;
1271;5431.6;400.5;14403.9;45685.3;7251.4;3068.7;7498.4;1862.1;1196.9;1381.9;21023.2;4246.6;1868.1;676.5;727.2;3654.1;117.0;1325.4;8913.7;303.9;14677.0;45373.3;6725.3;3375.1;7042.5;1653.4;3951.0;2168.6;846.7;3770.9;81.5;1718.4;0.0;1968.2;0.0;0.0;43.2;0.0;0.0;307.9;821.9;372.0;384.3;372.5;661.7;
1278;6310.7;687.7;15344.5;44184.8;7029.6;4319.1;6083.5;1934.0;845.3;1857.3;18848.8;4134.5;2162.4;877.5;988.5;3455.0;84.5;1260.0;4797.9;286.8;15584.6;43107.2;7679.5;4728.8;5642.7;1513.6;4394.0;2030.6;875.9;3351.1;61.9;1838.2;0.0;1522.2;0.0;0.0;12.0;0.0;0.0;334.1;999.3;493.1;452.8;434.3;857.6;
1283;6881.6;481.0;12798.8;45061.5;7563.2;3603.5;6321.0;1449.4;806.9;992.9;19297.9;3703.0;1785.9;800.4;571.0;3002.4;182.0;1566.8;7427.6;425.1;12759.4;44672.1;8363.3;3840.7;7106.7;1697.9;3696.9;2241.2;619.9;3692.7;173.7;2035.5;0.0;7542.1;0.0;0.0;145.4;0.0;0.0;267.6;979.4;291.8;395.1;526.7;789.3;
1291;10632.1;453.8;15133.8;46424.7;7422.2;3930.1;6566.5;2087.2;1134.6;1287.7;20582.1;4235.9;1506.0;1123.0;906.3;3165.1;114.5;1477.6;9428.0;226.0;15373.6;50321.0;7618.2;4270.5;6788.8;1495.1;4477.4;1748.1;769.5;3809.4;100.1;2014.4;0.0;2493.0;0.0;0.0;77.8;0.0;0.0;248.7;1015.5;386.3;420.6;454.7;866.2;
1304;6617.1;153.1;16011.0;46769.1;7083.8;4001.4;6508.0;2467.8;738.9;1032.3;23948.9;3851.7;1607.6;681.8;759.5;4174.1;67.9;1487.6;7858.8;125.9;16195.5;48115.3;7153.5;4065.7;6840.0;2326.0;4486.7;1801.7;811.3;3860.7;159.2;1546.3;0.0;3016.6;0.0;0.0;30.7;0.0;0.0;291.6;1187.1;621.6;471.2;520.7;1103.4;
1318;4285.5;220.5;14957.2;39700.8;8104.1;3547.6;6124.6;1325.7;760.1;1233.3;21906.3;4201.3;1674.9;837.6;771.9;3358.7;39.0;1306.7;4583.0;304.2;15323.6;40932.0;7352.7;3936.6;6296.0;1394.2;4196.6;1816.6;857.4;4049.4;221.0;1741.2;0.0;2654.8;0.0;0.0;28.9;0.0;0.0;239.0;855.9;378.8;373.2;410.8;741.6;
1320;6497.5;715.3;15539.2;47089.3;7879.2;4230.4;7027.9;1933.5;1690.2;2264.7;23213.6;3887.8;2177.3;883.9;747.4;4221.0;132.6;1192.2;4255.5;449.0;16236.4;48868.2;7688.6;4307.0;6759.2;1750.6;4472.4;1953.2;959.1;4792.2;171.0;1933.0;1.5;2466.2;0.0;0.0;26.0;0.0;0.0;251.6;1057.5;411.4;484.2;483.9;981.8;
1322;7208.7;326.9;9688.5;31392.1;5946.9;3119.5;4644.0;1189.1;539.6;1294.4;15329.8;3217.6;1385.3;744.2;646.9;2763.2;152.4;976.7;4690.0;437.6;10402.0;31615.6;6033.5;3195.3;5164.9;1424.1;3283.3;1346.8;710.5;3074.0;111.6;1166.9;0.0;1654.7;0.0;0.0;35.3;0.0;0.0;257.9;664.8;288.4;320.4;315.7;679.5;
1326;4510.1;271.1;14009.9;43248.5;6680.1;3889.2;6180.0;1630.3;715.7;1098.6;21854.7;4082.4;1733.6;566.0;715.4;3665.4;89.1;1162.2;3577.2;222.2;14324.5;43659.7;7276.5;3938.1;6560.8;1640.7;4306.4;1719.1;650.2;4205.2;222.8;1529.7;0.0;1766.8;0.0;0.0;28.1;0.0;0.0;271.8;859.3;342.6;429.0;461.3;892.3;
1333;3670.1;199.2;13796.7;48502.5;7180.1;3053.6;7066.7;2177.0;1206.3;2330.9;20277.6;4349.2;1704.6;816.5;787.5;3888.6;104.2;852.7;3354.0;344.5;13620.7;48673.4;7486.4;3249.1;6791.6;2103.6;4126.7;1591.4;900.5;3844.2;310.7;1207.4;0.0;1515.1;0.0;0.0;31.1;0.0;0.0;254.5;740.7;356.1;395.6;402.3;655.3;
1336;7649.8;735.7;12177.7;44827.6;6966.3;3547.4;7100.4;2163.8;1081.1;1740.1;21349.4;3885.6;1895.1;767.5;939.4;3764.0;114.8;1252.4;7993.3;909.7;12628.4;45933.7;7013.9;3634.3;6436.6;1271.0;3959.6;1877.1;857.2;3858.3;75.1;1744.0;0.0;1564.5;0.0;0.0;49.6;0.0;0.0;309.4;1044.6;347.5;408.5;419.2;779.4;
1337;4642.4;925.0;13021.6;43022.7;6999.0;4021.5;7412.2;2223.2;631.8;1388.0;20331.6;3492.0;1636.1;808.6;728.4;3509.9;92.2;1449.9;4813.8;319.2;13848.7;45012.3;7323.4;4475.9;7339.1;1713.6;4022.4;1768.9;823.7;3706.5;127.3;1439.8;0.0;2050.2;0.0;0.0;30.5;0.0;0.0;336.1;1005.3;460.2;463.0;553.9;961.2;
1338;4978.6;447.7;15944.5;48429.5;8786.0;4287.3;7266.1;2250.0;847.4;2056.3;23730.1;3950.1;1909.8;840.0;1055.0;4241.8;72.9;1114.4;5214.6;164.8;15896.6;48075.8;8687.2;4674.2;7081.4;2262.5;4575.4;2050.3;854.2;4798.6;111.1;1677.6;0.0;2479.9;0.0;0.0;33.6;0.0;0.0;300.7;873.9;429.3;461.7;495.6;904.8;
1340;5618.2;618.8;12265.0;39810.0;7022.5;3482.5;6280.2;1601.7;977.7;2962.5;19547.2;4309.4;1756.8;754.7;880.2;3560.2;33.3;1447.1;6673.4;326.8;12551.7;40678.8;7040.1;4017.8;6504.8;1730.0;4643.6;1879.6;916.5;3834.6;65.9;1960.3;0.0;2038.7;0.0;0.0;15.1;0.0;0.0;332.8;780.1;339.3;333.5;430.4;798.6;
1357;7971.9;294.2;11680.5;38886.7;6809.7;4090.4;6607.7;2029.6;835.4;1716.1;18001.7;3664.0;1355.6;901.5;890.9;3976.0;54.5;1169.5;6526.1;206.7;12813.8;40828.8;7369.6;4272.7;6614.6;1870.9;3601.0;1858.6;754.6;3595.6;110.3;1482.3;0.0;1444.6;0.0;0.0;235.0;0.0;0.0;143.4;746.2;294.0;342.0;348.1;741.8;
